sequence,v115@9gA8IeA8IeA8CeA8AeB8BeC8DeC8JeFAJvhFXhB8mB?CjBWqBToBRwB,v115@9gA8IeA8IeA8CeA8AeB8BeC8DeC8JeuEJvhFFhB8mB?foB6oBTlBRwB,v115@9gA8IeA8IeA8CeA8AeB8BeC8DeC8JeCAJvhFXhB8mB?ziB+oBVqBRwB,v115@9gA8IeA8IeA8CeA8AeB8BeC8DeC8JeqEJvhF/lBFhB?8mBziB+oBRwB,v115@9gA8IeA8IeA8CeA8AeB8BeC8DeC8JeuEJvhF1lB6mB?xiBToB0qBXsB,v115@9gA8IeA8IeA8CeA8AeB8BeC8DeC8JeRAJvhFfoB6oB?WqBlmB0qBzrB,v115@9gA8IeA8IeA8CeA8AeB8BeC8DeC8Je/GJvhFClBxnB?UlBToBWwBFsB
TILJSZO,O,X,O,O,X,X,X
TILJSOZ,X,X,O,O,X,X,X
TILJZSO,O,X,O,O,X,X,X
TILJZOS,O,X,O,O,X,X,X
TILJOSZ,X,X,O,O,X,X,X
TILJOZS,O,X,O,O,X,X,X
TILSJZO,X,X,O,O,X,X,X
TILSJOZ,X,X,O,O,X,X,X
TILSZJO,X,X,O,O,X,X,X
TILSZOJ,X,X,O,O,X,X,O
TILSOJZ,X,X,X,X,X,X,X
TILSOZJ,X,X,X,X,X,X,O
TILZJSO,O,X,O,O,X,X,X
TILZJOS,O,X,O,O,X,X,X
TILZSJO,O,X,O,O,X,X,X
TILZSOJ,O,X,O,O,X,X,X
TILZOJS,X,X,O,X,X,X,X
TILZOSJ,X,X,O,X,X,X,X
TILOJSZ,X,X,O,X,X,X,X
TILOJZS,X,X,O,X,X,X,X
TILOSJZ,X,X,X,X,X,X,X
TILOSZJ,X,X,X,X,X,X,X
TILOZJS,X,X,O,X,X,X,X
TILOZSJ,X,X,O,X,X,X,X
TIJLSZO,O,X,O,O,X,X,X
TIJLSOZ,X,X,O,O,X,X,X
TIJLZSO,O,X,O,O,X,X,X
TIJLZOS,O,X,O,O,X,X,X
TIJLOSZ,O,X,O,O,X,X,X
TIJLOZS,O,X,O,O,X,X,X
TIJSLZO,O,O,O,X,X,O,X
TIJSLOZ,X,X,O,X,X,X,X
TIJSZLO,O,O,O,X,X,X,X
TIJSZOL,O,O,O,X,X,X,X
TIJSOLZ,O,X,O,X,X,X,X
TIJSOZL,O,X,O,X,X,X,X
TIJZLSO,O,O,O,O,X,X,X
TIJZLOS,O,X,O,O,X,X,X
TIJZSLO,O,O,O,X,X,X,X
TIJZSOL,O,O,O,X,X,X,X
TIJZOLS,O,X,O,O,X,X,X
TIJZOSL,O,O,O,X,X,X,X
TIJOLSZ,O,X,O,O,X,X,X
TIJOLZS,O,X,O,O,X,X,X
TIJOSLZ,O,X,O,X,X,X,X
TIJOSZL,O,X,O,X,X,X,X
TIJOZLS,O,X,O,O,X,X,X
TIJOZSL,O,X,O,X,X,X,X
TISLJZO,X,O,O,X,X,O,X
TISLJOZ,X,X,O,X,X,X,X
TISLZJO,X,O,O,X,X,X,X
TISLZOJ,X,O,O,X,X,X,O
TISLOJZ,X,O,X,X,X,X,X
TISLOZJ,X,O,X,X,X,X,O
TISJLZO,X,O,O,X,X,O,X
TISJLOZ,X,X,O,X,X,X,X
TISJZLO,X,O,O,X,X,X,X
TISJZOL,X,O,O,X,X,X,X
TISJOLZ,X,X,O,X,X,X,X
TISJOZL,X,X,O,X,X,X,X
TISZLJO,X,O,O,X,X,X,X
TISZLOJ,X,O,O,X,X,X,X
TISZJLO,X,O,O,X,X,X,X
TISZJOL,X,O,O,X,X,X,X
TISZOLJ,X,O,O,X,X,X,X
TISZOJL,X,O,O,X,X,X,X
TISOLJZ,X,O,X,X,X,X,X
TISOLZJ,X,O,X,X,X,X,X
TISOJLZ,X,O,X,X,X,X,X
TISOJZL,X,O,X,X,X,X,X
TISOZLJ,X,O,X,X,X,X,X
TISOZJL,X,O,X,X,X,X,X
TIZLJSO,O,O,O,O,X,X,X
TIZLJOS,O,X,O,O,X,X,X
TIZLSJO,O,O,O,O,X,X,X
TIZLSOJ,O,O,O,O,X,X,X
TIZLOJS,X,O,O,X,X,X,X
TIZLOSJ,X,O,O,X,X,X,X
TIZJLSO,O,O,O,O,X,X,X
TIZJLOS,O,X,O,O,X,X,X
TIZJSLO,O,O,O,X,X,X,X
TIZJSOL,O,O,O,X,X,X,X
TIZJOLS,O,O,O,O,X,X,X
TIZJOSL,O,O,O,X,X,X,X
TIZSLJO,O,O,O,X,X,X,X
TIZSLOJ,O,O,O,X,X,X,X
TIZSJLO,O,O,O,X,X,X,X
TIZSJOL,O,O,O,X,X,X,X
TIZSOLJ,O,O,O,X,X,X,X
TIZSOJL,O,O,O,X,X,X,X
TIZOLJS,O,O,O,X,X,X,X
TIZOLSJ,O,O,O,X,X,X,X
TIZOJLS,O,O,O,X,X,X,X
TIZOJSL,O,O,O,X,X,X,X
TIZOSLJ,O,O,O,X,X,X,X
TIZOSJL,O,O,O,X,X,X,X
TIOLJSZ,O,X,O,X,X,X,X
TIOLJZS,O,X,O,X,X,X,X
TIOLSJZ,X,X,X,X,X,X,X
TIOLSZJ,X,X,X,X,X,X,X
TIOLZJS,O,X,O,X,X,X,X
TIOLZSJ,O,X,O,X,X,X,X
TIOJLSZ,O,X,O,X,X,X,X
TIOJLZS,O,X,O,X,X,X,X
TIOJSLZ,O,O,O,X,X,X,X
TIOJSZL,O,O,O,X,X,X,X
TIOJZLS,O,O,O,X,X,X,X
TIOJZSL,O,O,O,X,X,X,X
TIOSLJZ,X,O,X,X,X,X,X
TIOSLZJ,X,O,X,X,X,X,X
TIOSJLZ,X,O,X,X,X,X,X
TIOSJZL,X,O,X,X,X,X,X
TIOSZLJ,X,O,X,X,X,X,X
TIOSZJL,X,O,X,X,X,X,X
TIOZLJS,O,O,O,X,X,X,X
TIOZLSJ,O,O,O,X,X,X,X
TIOZJLS,O,O,O,X,X,X,X
TIOZJSL,O,O,O,X,X,X,X
TIOZSLJ,O,O,O,X,X,X,X
TIOZSJL,O,O,O,X,X,X,X
TLIJSZO,O,X,X,O,X,X,X
TLIJSOZ,X,X,X,O,X,X,X
TLIJZSO,O,X,O,O,X,X,X
TLIJZOS,O,X,O,O,X,X,X
TLIJOSZ,X,X,X,O,X,X,X
TLIJOZS,O,X,O,O,X,X,X
TLISJZO,X,X,X,O,X,X,X
TLISJOZ,X,X,X,O,X,X,X
TLISZJO,X,X,X,O,X,X,X
TLISZOJ,X,X,X,O,X,X,O
TLISOJZ,X,X,X,X,X,X,X
TLISOZJ,X,X,X,X,X,X,O
TLIZJSO,O,X,O,O,X,X,X
TLIZJOS,O,X,O,O,X,X,X
TLIZSJO,O,X,O,O,X,X,X
TLIZSOJ,O,X,X,O,X,X,X
TLIZOJS,X,X,X,X,X,X,X
TLIZOSJ,X,X,X,X,X,X,X
TLIOJSZ,X,X,X,X,X,X,X
TLIOJZS,X,X,X,X,X,X,X
TLIOSJZ,X,X,X,X,X,X,X
TLIOSZJ,X,X,X,X,X,X,X
TLIOZJS,X,X,X,X,X,X,X
TLIOZSJ,X,X,X,X,X,X,X
TLJISZO,X,X,X,O,X,X,X
TLJISOZ,X,X,X,O,X,X,X
TLJIZSO,O,X,O,O,X,X,X
TLJIZOS,X,X,O,O,X,X,X
TLJIOSZ,X,X,X,O,X,X,X
TLJIOZS,X,X,O,O,X,X,X
TLJSIZO,X,X,X,X,X,O,X
TLJSIOZ,X,X,X,X,X,X,X
TLJSZIO,O,X,O,O,X,O,X
TLJSZOI,O,X,O,O,X,O,X
TLJSOIZ,X,X,X,X,X,X,X
TLJSOZI,X,X,O,O,X,O,X
TLJZISO,O,X,O,O,X,X,X
TLJZIOS,X,X,O,O,X,X,X
TLJZSIO,O,X,O,O,X,X,X
TLJZSOI,O,X,O,O,X,X,X
TLJZOIS,X,X,O,O,X,X,X
TLJZOSI,O,X,O,O,X,X,X
TLJOISZ,X,X,X,O,X,X,X
TLJOIZS,X,X,O,O,X,X,X
TLJOSIZ,X,X,X,X,X,X,X
TLJOSZI,X,X,O,O,X,X,X
TLJOZIS,X,X,O,O,X,X,X
TLJOZSI,O,X,O,O,X,X,X
TLSIJZO,X,X,X,X,X,O,X
TLSIJOZ,X,X,X,X,X,X,X
TLSIZJO,X,X,X,X,X,X,X
TLSIZOJ,X,X,X,X,X,X,O
TLSIOJZ,X,X,X,X,X,X,X
TLSIOZJ,X,X,X,X,X,X,O
TLSJIZO,X,X,X,X,X,O,X
TLSJIOZ,X,X,X,X,X,X,X
TLSJZIO,X,X,O,O,X,O,X
TLSJZOI,X,X,O,O,X,O,X
TLSJOIZ,X,X,X,X,X,X,X
TLSJOZI,X,X,O,O,X,O,X
TLSZIJO,X,X,O,O,X,X,X
TLSZIOJ,X,X,X,X,X,X,X
TLSZJIO,X,X,O,O,X,O,X
TLSZJOI,X,X,O,O,X,O,X
TLSZOIJ,X,X,X,X,X,X,X
TLSZOJI,X,X,O,O,X,X,X
TLSOIJZ,X,X,X,X,X,X,X
TLSOIZJ,X,X,X,X,X,X,X
TLSOJIZ,X,X,X,X,X,X,X
TLSOJZI,X,X,X,X,X,O,X
TLSOZIJ,X,X,X,X,X,X,X
TLSOZJI,X,X,X,X,X,X,X
TLZIJSO,O,X,O,O,X,X,X
TLZIJOS,O,X,O,O,X,X,X
TLZISJO,O,X,O,O,X,X,X
TLZISOJ,O,X,X,O,X,X,X
TLZIOJS,X,X,X,X,X,X,X
TLZIOSJ,X,X,X,X,X,X,X
TLZJISO,O,X,O,O,X,X,X
TLZJIOS,X,X,O,O,X,X,X
TLZJSIO,O,X,O,O,X,X,X
TLZJSOI,O,X,O,O,X,X,X
TLZJOIS,X,X,O,O,X,X,X
TLZJOSI,O,X,O,O,X,X,X
TLZSIJO,O,X,O,O,X,X,X
TLZSIOJ,O,X,X,X,X,X,X
TLZSJIO,O,X,O,O,X,X,X
TLZSJOI,O,X,O,O,X,X,X
TLZSOIJ,O,X,X,X,X,X,X
TLZSOJI,O,X,O,O,X,X,X
TLZOIJS,X,X,X,X,X,X,X
TLZOISJ,X,X,X,X,X,X,X
TLZOJIS,X,X,O,X,X,X,X
TLZOJSI,X,X,O,X,X,X,X
TLZOSIJ,X,X,X,X,X,X,X
TLZOSJI,X,X,O,X,X,X,X
TLOIJSZ,X,X,X,X,X,X,X
TLOIJZS,X,X,X,X,X,X,X
TLOISJZ,X,X,X,X,X,X,X
TLOISZJ,X,X,X,X,X,X,X
TLOIZJS,X,X,X,X,X,X,X
TLOIZSJ,X,X,X,X,X,X,X
TLOJISZ,X,X,X,X,X,X,X
TLOJIZS,X,X,O,X,X,X,X
TLOJSIZ,X,X,X,X,X,X,X
TLOJSZI,X,X,O,X,X,X,X
TLOJZIS,X,X,O,X,X,X,X
TLOJZSI,X,X,O,X,X,X,X
TLOSIJZ,X,X,X,X,X,X,X
TLOSIZJ,X,X,X,X,X,X,X
TLOSJIZ,X,X,X,X,X,X,X
TLOSJZI,X,X,X,X,X,X,X
TLOSZIJ,X,X,X,X,X,X,X
TLOSZJI,X,X,X,X,X,X,X
TLOZIJS,X,X,X,X,X,X,X
TLOZISJ,X,X,X,X,X,X,X
TLOZJIS,X,X,O,X,X,X,X
TLOZJSI,X,X,O,X,X,X,X
TLOZSIJ,X,X,X,X,X,X,X
TLOZSJI,X,X,O,X,X,X,X
TJILSZO,X,X,O,O,X,X,X
TJILSOZ,X,X,O,O,X,X,X
TJILZSO,O,X,O,O,X,X,X
TJILZOS,X,X,O,O,X,X,X
TJILOSZ,X,X,O,O,X,X,X
TJILOZS,X,X,O,O,X,X,X
TJISLZO,X,O,O,X,X,O,X
TJISLOZ,X,X,O,X,X,X,X
TJISZLO,X,O,O,X,X,X,X
TJISZOL,X,O,O,X,X,X,X
TJISOLZ,X,X,O,X,X,X,X
TJISOZL,X,X,O,X,X,X,X
TJIZLSO,O,O,O,O,X,X,X
TJIZLOS,X,X,O,O,X,X,X
TJIZSLO,O,O,O,X,X,X,X
TJIZSOL,O,O,O,X,X,X,X
TJIZOLS,O,X,O,O,X,X,X
TJIZOSL,O,O,O,X,X,X,X
TJIOLSZ,X,X,O,O,X,X,X
TJIOLZS,O,X,O,O,X,X,X
TJIOSLZ,X,X,O,X,X,X,X
TJIOSZL,X,X,O,X,X,X,X
TJIOZLS,O,X,O,O,X,X,X
TJIOZSL,O,X,O,X,X,X,X
TJLISZO,X,X,X,O,X,X,X
TJLISOZ,X,X,X,O,X,X,X
TJLIZSO,O,X,O,O,X,X,X
TJLIZOS,X,X,O,O,X,X,X
TJLIOSZ,X,X,X,O,X,X,X
TJLIOZS,X,X,O,O,X,X,X
TJLSIZO,X,X,X,X,X,O,X
TJLSIOZ,X,X,X,X,X,X,X
TJLSZIO,O,X,O,O,X,O,X
TJLSZOI,O,X,O,O,X,O,X
TJLSOIZ,X,X,X,X,X,X,X
TJLSOZI,X,X,O,O,X,O,X
TJLZISO,O,X,O,O,X,X,X
TJLZIOS,X,X,O,O,X,X,X
TJLZSIO,O,X,O,O,X,X,X
TJLZSOI,O,X,O,O,X,X,X
TJLZOIS,O,X,O,O,X,X,X
TJLZOSI,O,X,O,O,X,X,X
TJLOISZ,X,X,X,O,X,X,X
TJLOIZS,O,X,O,O,X,X,X
TJLOSIZ,X,X,X,X,X,X,X
TJLOSZI,O,X,O,O,X,X,X
TJLOZIS,O,X,O,O,X,X,X
TJLOZSI,O,X,O,O,X,X,X
TJSILZO,X,O,X,X,X,O,X
TJSILOZ,X,X,X,X,X,X,X
TJSIZLO,X,O,X,X,X,X,X
TJSIZOL,X,O,X,X,X,X,X
TJSIOLZ,X,X,X,X,X,X,X
TJSIOZL,X,X,X,X,X,X,X
TJSLIZO,X,O,X,X,X,O,X
TJSLIOZ,X,X,X,X,X,X,X
TJSLZIO,O,O,O,X,X,O,X
TJSLZOI,O,O,O,X,X,O,X
TJSLOIZ,X,X,X,X,X,X,X
TJSLOZI,X,X,O,X,X,O,X
TJSZILO,O,O,O,X,X,X,X
TJSZIOL,O,O,O,X,X,X,X
TJSZLIO,O,O,O,X,X,O,X
TJSZLOI,O,O,O,X,X,O,X
TJSZOIL,O,X,O,X,X,X,X
TJSZOLI,O,O,O,X,X,X,X
TJSOILZ,X,X,X,X,X,X,X
TJSOIZL,X,X,X,X,X,X,X
TJSOLIZ,X,X,X,X,X,X,X
TJSOLZI,O,X,O,X,X,O,X
TJSOZIL,O,X,O,X,X,X,X
TJSOZLI,O,X,O,X,X,X,X
TJZILSO,O,O,O,O,X,X,X
TJZILOS,X,X,O,O,O,X,X
TJZISLO,O,O,O,X,X,X,X
TJZISOL,O,O,O,X,X,X,X
TJZIOLS,O,X,O,O,O,X,X
TJZIOSL,O,O,O,X,O,X,X
TJZLISO,O,X,O,O,X,X,X
TJZLIOS,X,X,O,O,O,X,X
TJZLSIO,O,O,O,O,X,X,X
TJZLSOI,O,O,O,O,O,X,X
TJZLOIS,O,X,O,O,O,X,X
TJZLOSI,O,X,O,O,O,X,X
TJZSILO,O,O,O,X,X,X,X
TJZSIOL,O,O,O,X,X,X,X
TJZSLIO,O,O,O,X,X,O,X
TJZSLOI,O,O,O,X,O,O,X
TJZSOIL,O,X,O,X,O,X,X
TJZSOLI,O,O,O,X,O,X,X
TJZOILS,O,X,O,O,O,X,X
TJZOISL,O,X,O,X,O,X,X
TJZOLIS,O,X,O,O,O,X,X
TJZOLSI,O,X,O,O,O,X,X
TJZOSIL,O,X,O,X,O,X,X
TJZOSLI,O,O,O,X,O,X,X
TJOILSZ,X,X,O,O,X,X,X
TJOILZS,O,X,O,O,X,X,X
TJOISLZ,X,X,O,X,X,X,X
TJOISZL,X,X,O,X,X,X,X
TJOIZLS,O,X,O,O,O,X,X
TJOIZSL,O,X,O,X,O,X,X
TJOLISZ,X,X,X,O,X,X,X
TJOLIZS,O,X,O,O,X,X,X
TJOLSIZ,X,X,X,X,X,X,X
TJOLSZI,O,X,O,O,X,X,X
TJOLZIS,O,X,O,O,X,X,X
TJOLZSI,O,X,O,O,X,X,X
TJOSILZ,X,X,X,X,X,X,X
TJOSIZL,X,X,X,X,X,X,X
TJOSLIZ,X,X,X,X,X,X,X
TJOSLZI,O,X,O,X,X,O,X
TJOSZIL,O,X,O,X,X,X,X
TJOSZLI,O,X,O,X,X,X,X
TJOZILS,O,X,O,O,O,X,X
TJOZISL,O,X,O,X,O,X,X
TJOZLIS,O,X,O,O,O,X,X
TJOZLSI,O,X,O,O,O,X,X
TJOZSIL,O,X,O,X,O,X,X
TJOZSLI,O,X,O,X,O,X,X
TSILJZO,X,O,X,X,X,O,X
TSILJOZ,X,X,X,X,X,X,X
TSILZJO,X,O,X,X,X,X,X
TSILZOJ,X,O,X,X,X,X,O
TSILOJZ,X,O,X,X,X,X,X
TSILOZJ,X,O,X,X,X,X,O
TSIJLZO,X,O,X,X,X,O,X
TSIJLOZ,X,X,X,X,X,X,X
TSIJZLO,X,O,X,X,X,X,X
TSIJZOL,X,O,X,X,X,X,X
TSIJOLZ,X,X,X,X,X,X,X
TSIJOZL,X,X,X,X,X,X,X
TSIZLJO,X,O,X,X,X,X,X
TSIZLOJ,X,O,X,X,X,X,X
TSIZJLO,X,O,X,X,X,X,X
TSIZJOL,X,O,X,X,X,X,X
TSIZOLJ,X,O,X,X,X,X,X
TSIZOJL,X,O,X,X,X,X,X
TSIOLJZ,X,O,X,X,X,X,X
TSIOLZJ,X,O,X,X,X,X,X
TSIOJLZ,X,O,X,X,X,X,X
TSIOJZL,X,O,X,X,X,X,X
TSIOZLJ,X,O,X,X,X,X,X
TSIOZJL,X,O,X,X,X,X,X
TSLIJZO,X,O,X,X,X,O,X
TSLIJOZ,X,X,X,X,X,X,X
TSLIZJO,X,O,X,X,X,X,X
TSLIZOJ,X,O,X,X,X,X,O
TSLIOJZ,X,O,X,X,X,X,X
TSLIOZJ,X,O,X,X,X,X,O
TSLJIZO,X,O,X,X,X,O,X
TSLJIOZ,X,X,X,X,X,X,X
TSLJZIO,X,O,O,X,X,O,X
TSLJZOI,X,O,O,X,X,O,X
TSLJOIZ,X,X,X,X,X,X,X
TSLJOZI,X,X,O,X,X,O,X
TSLZIJO,X,O,O,X,X,X,X
TSLZIOJ,X,O,X,X,X,X,X
TSLZJIO,X,O,O,X,X,O,X
TSLZJOI,X,O,O,X,X,O,X
TSLZOIJ,X,O,X,X,X,X,X
TSLZOJI,X,O,O,X,X,X,X
TSLOIJZ,X,X,X,X,X,X,X
TSLOIZJ,X,X,X,X,X,X,X
TSLOJIZ,X,X,X,X,X,X,X
TSLOJZI,X,O,X,X,X,O,X
TSLOZIJ,X,O,X,X,X,X,X
TSLOZJI,X,O,X,X,X,X,X
TSJILZO,X,O,X,X,X,O,X
TSJILOZ,X,X,X,X,X,X,X
TSJIZLO,X,O,X,X,X,X,X
TSJIZOL,X,O,X,X,X,X,X
TSJIOLZ,X,X,X,X,X,X,X
TSJIOZL,X,X,X,X,X,X,X
TSJLIZO,X,O,X,X,X,O,X
TSJLIOZ,X,X,X,X,X,X,X
TSJLZIO,X,O,O,X,X,O,X
TSJLZOI,X,O,O,X,X,O,X
TSJLOIZ,X,X,X,X,X,X,X
TSJLOZI,X,X,O,X,X,O,X
TSJZILO,X,O,O,X,X,X,X
TSJZIOL,X,O,O,X,X,X,X
TSJZLIO,X,O,O,X,X,O,X
TSJZLOI,X,O,O,X,X,O,X
TSJZOIL,X,X,O,X,X,X,X
TSJZOLI,X,O,O,X,X,X,X
TSJOILZ,X,X,X,X,X,X,X
TSJOIZL,X,X,X,X,X,X,X
TSJOLIZ,X,X,X,X,X,X,X
TSJOLZI,X,X,O,X,X,O,X
TSJOZIL,X,X,O,X,X,X,X
TSJOZLI,X,X,O,X,X,X,X
TSZILJO,X,O,O,X,X,X,X
TSZILOJ,X,O,X,X,X,X,X
TSZIJLO,X,O,O,X,X,X,X
TSZIJOL,X,O,O,X,X,X,X
TSZIOLJ,X,O,X,X,X,X,X
TSZIOJL,X,O,X,X,X,X,X
TSZLIJO,X,O,O,X,X,X,X
TSZLIOJ,X,O,X,X,X,X,X
TSZLJIO,X,O,O,X,X,O,X
TSZLJOI,X,O,O,X,X,O,X
TSZLOIJ,X,O,X,X,X,X,X
TSZLOJI,X,O,O,X,X,X,X
TSZJILO,X,O,O,X,X,X,X
TSZJIOL,X,O,O,X,X,X,X
TSZJLIO,X,O,O,X,X,O,X
TSZJLOI,X,O,O,X,X,O,X
TSZJOIL,X,O,O,X,X,X,X
TSZJOLI,X,O,O,X,X,X,X
TSZOILJ,X,O,X,X,X,X,X
TSZOIJL,X,O,X,X,X,X,X
TSZOLIJ,X,O,X,X,X,X,X
TSZOLJI,X,O,O,X,X,X,X
TSZOJIL,X,O,O,X,X,X,X
TSZOJLI,X,O,O,X,X,X,X
TSOILJZ,X,X,X,X,X,X,X
TSOILZJ,X,X,X,X,X,X,X
TSOIJLZ,X,X,X,X,X,X,X
TSOIJZL,X,X,X,X,X,X,X
TSOIZLJ,X,X,X,X,X,X,X
TSOIZJL,X,X,X,X,X,X,X
TSOLIJZ,X,X,X,X,X,X,X
TSOLIZJ,X,X,X,X,X,X,X
TSOLJIZ,X,X,X,X,X,X,X
TSOLJZI,X,O,X,X,X,O,X
TSOLZIJ,X,O,X,X,X,X,X
TSOLZJI,X,O,X,X,X,X,X
TSOJILZ,X,X,X,X,X,X,X
TSOJIZL,X,X,X,X,X,X,X
TSOJLIZ,X,X,X,X,X,X,X
TSOJLZI,X,O,X,X,X,O,X
TSOJZIL,X,O,X,X,X,X,X
TSOJZLI,X,O,X,X,X,X,X
TSOZILJ,X,O,X,X,X,X,X
TSOZIJL,X,O,X,X,X,X,X
TSOZLIJ,X,O,X,X,X,X,X
TSOZLJI,X,O,X,X,X,X,X
TSOZJIL,X,O,X,X,X,X,X
TSOZJLI,X,O,X,X,X,X,X
TZILJSO,O,O,O,O,X,X,X
TZILJOS,O,X,O,O,O,X,X
TZILSJO,O,O,O,O,X,X,X
TZILSOJ,O,O,O,O,X,X,X
TZILOJS,X,O,O,X,O,X,X
TZILOSJ,X,O,O,X,O,X,X
TZIJLSO,O,O,O,O,X,X,X
TZIJLOS,O,X,O,O,O,X,X
TZIJSLO,O,O,O,X,X,X,X
TZIJSOL,O,O,O,X,X,X,X
TZIJOLS,O,O,O,O,O,X,X
TZIJOSL,O,O,O,X,O,X,X
TZISLJO,O,O,O,X,X,X,X
TZISLOJ,O,O,O,X,X,X,X
TZISJLO,O,O,O,X,X,X,X
TZISJOL,O,O,O,X,X,X,X
TZISOLJ,O,O,O,X,X,X,X
TZISOJL,O,O,O,X,X,X,X
TZIOLJS,O,O,O,X,O,X,X
TZIOLSJ,O,O,O,X,O,X,X
TZIOJLS,O,O,O,X,O,X,X
TZIOJSL,O,O,O,X,O,X,X
TZIOSLJ,O,O,O,X,O,X,X
TZIOSJL,O,O,O,X,O,X,X
TZLIJSO,O,X,O,O,X,X,X
TZLIJOS,O,X,O,O,O,X,X
TZLISJO,O,X,O,O,X,X,X
TZLISOJ,O,X,X,O,X,X,X
TZLIOJS,X,X,X,X,O,X,X
TZLIOSJ,X,X,X,X,O,X,X
TZLJISO,O,X,O,O,X,X,X
TZLJIOS,X,X,O,O,O,X,X
TZLJSIO,O,O,O,O,X,X,X
TZLJSOI,O,O,O,O,O,X,X
TZLJOIS,X,X,O,O,O,X,X
TZLJOSI,O,X,O,O,O,X,X
TZLSIJO,O,O,O,O,X,X,X
TZLSIOJ,O,O,X,X,X,X,X
TZLSJIO,O,O,O,O,X,X,X
TZLSJOI,O,O,O,O,O,X,X
TZLSOIJ,O,O,X,X,O,X,X
TZLSOJI,O,O,O,O,O,X,X
TZLOIJS,X,X,X,X,O,X,X
TZLOISJ,X,X,X,X,O,X,X
TZLOJIS,X,X,O,X,O,X,X
TZLOJSI,X,O,O,X,O,X,X
TZLOSIJ,X,O,X,X,O,X,X
TZLOSJI,X,O,O,X,O,X,X
TZJILSO,O,O,O,O,X,X,X
TZJILOS,X,X,O,O,O,X,X
TZJISLO,O,O,O,X,X,X,X
TZJISOL,O,O,O,X,X,X,X
TZJIOLS,O,X,O,O,O,X,X
TZJIOSL,O,O,O,X,O,X,X
TZJLISO,O,X,O,O,X,X,X
TZJLIOS,X,X,O,O,O,X,X
TZJLSIO,O,O,O,O,X,X,X
TZJLSOI,O,O,O,O,O,X,X
TZJLOIS,O,X,O,O,O,X,X
TZJLOSI,O,X,O,O,O,X,X
TZJSILO,O,O,O,X,X,X,X
TZJSIOL,O,O,O,X,X,X,X
TZJSLIO,O,O,O,X,X,O,X
TZJSLOI,O,O,O,X,O,O,X
TZJSOIL,O,O,O,X,O,X,X
TZJSOLI,O,O,O,X,O,X,X
TZJOILS,O,X,O,O,O,X,X
TZJOISL,O,O,O,X,O,X,X
TZJOLIS,O,X,O,O,O,X,X
TZJOLSI,O,O,O,O,O,X,X
TZJOSIL,O,O,O,X,O,X,X
TZJOSLI,O,O,O,X,O,X,X
TZSILJO,O,O,O,X,X,X,X
TZSILOJ,O,O,X,X,X,X,X
TZSIJLO,X,O,O,X,X,X,X
TZSIJOL,X,O,O,X,X,X,X
TZSIOLJ,O,O,X,X,X,X,X
TZSIOJL,X,O,X,X,X,X,X
TZSLIJO,O,O,O,X,X,X,X
TZSLIOJ,O,O,X,X,X,X,X
TZSLJIO,O,O,O,X,X,O,X
TZSLJOI,O,O,O,X,O,O,X
TZSLOIJ,O,O,X,X,O,X,X
TZSLOJI,O,O,O,X,O,X,X
TZSJILO,O,O,O,X,X,X,X
TZSJIOL,O,O,O,X,X,X,X
TZSJLIO,O,O,O,X,X,O,X
TZSJLOI,O,O,O,X,O,O,X
TZSJOIL,O,O,O,X,O,X,X
TZSJOLI,O,O,O,X,O,X,X
TZSOILJ,O,O,X,X,O,X,X
TZSOIJL,X,O,X,X,O,X,X
TZSOLIJ,O,O,X,X,O,X,X
TZSOLJI,O,O,O,X,O,X,X
TZSOJIL,O,O,O,X,O,X,X
TZSOJLI,O,O,O,X,O,X,X
TZOILJS,O,X,X,X,O,X,X
TZOILSJ,O,X,X,X,O,X,X
TZOIJLS,O,X,X,X,O,X,X
TZOIJSL,O,O,X,X,O,X,X
TZOISLJ,O,O,X,X,O,X,X
TZOISJL,O,O,X,X,O,X,X
TZOLIJS,O,X,X,X,O,X,X
TZOLISJ,O,X,X,X,O,X,X
TZOLJIS,O,X,O,X,O,X,X
TZOLJSI,O,O,O,X,O,X,X
TZOLSIJ,O,O,X,X,O,X,X
TZOLSJI,O,O,O,X,O,X,X
TZOJILS,O,X,O,X,O,X,X
TZOJISL,O,O,O,X,O,X,X
TZOJLIS,O,X,O,X,O,X,X
TZOJLSI,O,O,O,X,O,X,X
TZOJSIL,O,O,O,X,O,X,X
TZOJSLI,O,O,O,X,O,X,X
TZOSILJ,O,O,X,X,O,X,X
TZOSIJL,X,O,X,X,O,X,X
TZOSLIJ,O,O,X,X,O,X,X
TZOSLJI,O,O,O,X,O,X,X
TZOSJIL,O,O,O,X,O,X,X
TZOSJLI,O,O,O,X,O,X,X
TOILJSZ,O,X,X,X,X,X,X
TOILJZS,O,X,X,X,X,X,X
TOILSJZ,X,X,X,X,X,X,X
TOILSZJ,X,X,X,X,X,X,X
TOILZJS,O,X,X,X,X,X,X
TOILZSJ,O,X,X,X,X,X,X
TOIJLSZ,O,X,X,X,X,X,X
TOIJLZS,O,X,X,X,X,X,X
TOIJSLZ,O,X,X,X,X,X,X
TOIJSZL,O,X,X,X,X,X,X
TOIJZLS,O,X,X,X,O,X,X
TOIJZSL,O,X,X,X,O,X,X
TOISLJZ,X,X,X,X,X,X,X
TOISLZJ,X,X,X,X,X,X,X
TOISJLZ,X,X,X,X,X,X,X
TOISJZL,X,X,X,X,X,X,X
TOISZLJ,X,X,X,X,X,X,X
TOISZJL,X,X,X,X,X,X,X
TOIZLJS,O,X,X,X,O,X,X
TOIZLSJ,O,X,X,X,O,X,X
TOIZJLS,O,X,X,X,O,X,X
TOIZJSL,O,X,X,X,O,X,X
TOIZSLJ,O,X,X,X,O,X,X
TOIZSJL,O,X,X,X,O,X,X
TOLIJSZ,O,X,X,X,X,X,X
TOLIJZS,O,X,X,X,X,X,X
TOLISJZ,X,X,X,X,X,X,X
TOLISZJ,X,X,X,X,X,X,X
TOLIZJS,O,X,X,X,X,X,X
TOLIZSJ,O,X,X,X,X,X,X
TOLJISZ,X,X,X,X,X,X,X
TOLJIZS,O,X,O,X,X,X,X
TOLJSIZ,X,X,X,X,X,X,X
TOLJSZI,O,X,O,X,X,X,X
TOLJZIS,O,X,O,X,X,X,X
TOLJZSI,O,X,O,X,X,X,X
TOLSIJZ,X,X,X,X,X,X,X
TOLSIZJ,X,X,X,X,X,X,X
TOLSJIZ,X,X,X,X,X,X,X
TOLSJZI,X,X,X,X,X,X,X
TOLSZIJ,X,X,X,X,X,X,X
TOLSZJI,X,X,X,X,X,X,X
TOLZIJS,O,X,X,X,X,X,X
TOLZISJ,O,X,X,X,X,X,X
TOLZJIS,O,X,O,X,X,X,X
TOLZJSI,O,X,O,X,X,X,X
TOLZSIJ,O,X,X,X,X,X,X
TOLZSJI,O,X,O,X,X,X,X
TOJILSZ,X,X,X,X,X,X,X
TOJILZS,O,X,O,X,X,X,X
TOJISLZ,X,X,X,X,X,X,X
TOJISZL,X,X,X,X,X,X,X
TOJIZLS,O,X,O,X,O,X,X
TOJIZSL,O,X,O,X,O,X,X
TOJLISZ,X,X,X,X,X,X,X
TOJLIZS,O,X,O,X,X,X,X
TOJLSIZ,X,X,X,X,X,X,X
TOJLSZI,O,X,O,X,X,X,X
TOJLZIS,O,X,O,X,X,X,X
TOJLZSI,O,X,O,X,X,X,X
TOJSILZ,X,X,X,X,X,X,X
TOJSIZL,X,X,X,X,X,X,X
TOJSLIZ,X,X,X,X,X,X,X
TOJSLZI,O,O,O,X,X,O,X
TOJSZIL,O,O,O,X,X,X,X
TOJSZLI,O,O,O,X,X,X,X
TOJZILS,O,X,O,X,O,X,X
TOJZISL,O,O,O,X,O,X,X
TOJZLIS,O,X,O,X,O,X,X
TOJZLSI,O,O,O,X,O,X,X
TOJZSIL,O,O,O,X,O,X,X
TOJZSLI,O,O,O,X,O,X,X
TOSILJZ,X,X,X,X,X,X,X
TOSILZJ,X,X,X,X,X,X,X
TOSIJLZ,X,X,X,X,X,X,X
TOSIJZL,X,X,X,X,X,X,X
TOSIZLJ,X,X,X,X,X,X,X
TOSIZJL,X,X,X,X,X,X,X
TOSLIJZ,X,X,X,X,X,X,X
TOSLIZJ,X,X,X,X,X,X,X
TOSLJIZ,X,X,X,X,X,X,X
TOSLJZI,X,O,X,X,X,O,X
TOSLZIJ,X,O,X,X,X,X,X
TOSLZJI,X,O,X,X,X,X,X
TOSJILZ,X,X,X,X,X,X,X
TOSJIZL,X,X,X,X,X,X,X
TOSJLIZ,X,X,X,X,X,X,X
TOSJLZI,X,O,X,X,X,O,X
TOSJZIL,X,O,X,X,X,X,X
TOSJZLI,X,O,X,X,X,X,X
TOSZILJ,X,O,X,X,X,X,X
TOSZIJL,X,O,X,X,X,X,X
TOSZLIJ,X,O,X,X,X,X,X
TOSZLJI,X,O,X,X,X,X,X
TOSZJIL,X,O,X,X,X,X,X
TOSZJLI,X,O,X,X,X,X,X
TOZILJS,O,X,X,X,O,X,X
TOZILSJ,O,X,X,X,O,X,X
TOZIJLS,O,X,X,X,O,X,X
TOZIJSL,O,O,X,X,O,X,X
TOZISLJ,O,O,X,X,O,X,X
TOZISJL,O,O,X,X,O,X,X
TOZLIJS,O,X,X,X,O,X,X
TOZLISJ,O,X,X,X,O,X,X
TOZLJIS,O,X,O,X,O,X,X
TOZLJSI,O,O,O,X,O,X,X
TOZLSIJ,O,O,X,X,O,X,X
TOZLSJI,O,O,O,X,O,X,X
TOZJILS,O,X,O,X,O,X,X
TOZJISL,O,O,O,X,O,X,X
TOZJLIS,O,X,O,X,O,X,X
TOZJLSI,O,O,O,X,O,X,X
TOZJSIL,O,O,O,X,O,X,X
TOZJSLI,O,O,O,X,O,X,X
TOZSILJ,O,O,X,X,O,X,X
TOZSIJL,X,O,X,X,O,X,X
TOZSLIJ,O,O,X,X,O,X,X
TOZSLJI,O,O,O,X,O,X,X
TOZSJIL,O,O,O,X,O,X,X
TOZSJLI,O,O,O,X,O,X,X
ITLJSZO,O,X,O,O,X,X,X
ITLJSOZ,X,X,O,O,X,X,X
ITLJZSO,O,X,O,O,X,X,X
ITLJZOS,O,X,O,O,X,X,X
ITLJOSZ,X,X,O,O,X,X,X
ITLJOZS,O,X,O,O,X,X,X
ITLSJZO,X,X,O,O,X,X,X
ITLSJOZ,X,X,O,O,X,X,X
ITLSZJO,X,X,O,O,X,X,X
ITLSZOJ,X,X,O,O,X,X,O
ITLSOJZ,X,X,X,X,X,X,X
ITLSOZJ,X,X,X,X,X,X,O
ITLZJSO,O,X,O,O,X,X,X
ITLZJOS,O,X,O,O,X,X,X
ITLZSJO,O,X,O,O,X,X,X
ITLZSOJ,O,X,O,O,X,X,X
ITLZOJS,X,X,O,X,X,X,X
ITLZOSJ,X,X,O,X,X,X,X
ITLOJSZ,X,X,O,X,X,X,X
ITLOJZS,X,X,O,X,X,X,X
ITLOSJZ,X,X,X,X,X,X,X
ITLOSZJ,X,X,X,X,X,X,X
ITLOZJS,X,X,O,X,X,X,X
ITLOZSJ,X,X,O,X,X,X,X
ITJLSZO,O,X,O,O,X,X,X
ITJLSOZ,X,X,O,O,X,X,X
ITJLZSO,O,X,O,O,X,X,X
ITJLZOS,O,X,O,O,X,X,X
ITJLOSZ,O,X,O,O,X,X,X
ITJLOZS,O,X,O,O,X,X,X
ITJSLZO,O,O,O,X,X,O,X
ITJSLOZ,X,X,O,X,X,X,X
ITJSZLO,O,O,O,X,X,X,X
ITJSZOL,O,O,O,X,X,X,X
ITJSOLZ,O,X,O,X,X,X,X
ITJSOZL,O,X,O,X,X,X,X
ITJZLSO,O,O,O,O,X,X,X
ITJZLOS,O,X,O,O,X,X,X
ITJZSLO,O,O,O,X,X,X,X
ITJZSOL,O,O,O,X,X,X,X
ITJZOLS,O,X,O,O,X,X,X
ITJZOSL,O,O,O,X,X,X,X
ITJOLSZ,O,X,O,O,X,X,X
ITJOLZS,O,X,O,O,X,X,X
ITJOSLZ,O,X,O,X,X,X,X
ITJOSZL,O,X,O,X,X,X,X
ITJOZLS,O,X,O,O,X,X,X
ITJOZSL,O,X,O,X,X,X,X
ITSLJZO,X,O,O,X,X,O,X
ITSLJOZ,X,X,O,X,X,X,X
ITSLZJO,X,O,O,X,X,X,X
ITSLZOJ,X,O,O,X,X,X,O
ITSLOJZ,X,O,X,X,X,X,X
ITSLOZJ,X,O,X,X,X,X,O
ITSJLZO,X,O,O,X,X,O,X
ITSJLOZ,X,X,O,X,X,X,X
ITSJZLO,X,O,O,X,X,X,X
ITSJZOL,X,O,O,X,X,X,X
ITSJOLZ,X,X,O,X,X,X,X
ITSJOZL,X,X,O,X,X,X,X
ITSZLJO,X,O,O,X,X,X,X
ITSZLOJ,X,O,O,X,X,X,X
ITSZJLO,X,O,O,X,X,X,X
ITSZJOL,X,O,O,X,X,X,X
ITSZOLJ,X,O,O,X,X,X,X
ITSZOJL,X,O,O,X,X,X,X
ITSOLJZ,X,O,X,X,X,X,X
ITSOLZJ,X,O,X,X,X,X,X
ITSOJLZ,X,O,X,X,X,X,X
ITSOJZL,X,O,X,X,X,X,X
ITSOZLJ,X,O,X,X,X,X,X
ITSOZJL,X,O,X,X,X,X,X
ITZLJSO,O,O,O,O,X,X,X
ITZLJOS,O,X,O,O,X,X,X
ITZLSJO,O,O,O,O,X,X,X
ITZLSOJ,O,O,O,O,X,X,X
ITZLOJS,X,O,O,X,X,X,X
ITZLOSJ,X,O,O,X,X,X,X
ITZJLSO,O,O,O,O,X,X,X
ITZJLOS,O,X,O,O,X,X,X
ITZJSLO,O,O,O,X,X,X,X
ITZJSOL,O,O,O,X,X,X,X
ITZJOLS,O,O,O,O,X,X,X
ITZJOSL,O,O,O,X,X,X,X
ITZSLJO,O,O,O,X,X,X,X
ITZSLOJ,O,O,O,X,X,X,X
ITZSJLO,O,O,O,X,X,X,X
ITZSJOL,O,O,O,X,X,X,X
ITZSOLJ,O,O,O,X,X,X,X
ITZSOJL,O,O,O,X,X,X,X
ITZOLJS,O,O,O,X,X,X,X
ITZOLSJ,O,O,O,X,X,X,X
ITZOJLS,O,O,O,X,X,X,X
ITZOJSL,O,O,O,X,X,X,X
ITZOSLJ,O,O,O,X,X,X,X
ITZOSJL,O,O,O,X,X,X,X
ITOLJSZ,O,X,O,X,X,X,X
ITOLJZS,O,X,O,X,X,X,X
ITOLSJZ,X,X,X,X,X,X,X
ITOLSZJ,X,X,X,X,X,X,X
ITOLZJS,O,X,O,X,X,X,X
ITOLZSJ,O,X,O,X,X,X,X
ITOJLSZ,O,X,O,X,X,X,X
ITOJLZS,O,X,O,X,X,X,X
ITOJSLZ,O,O,O,X,X,X,X
ITOJSZL,O,O,O,X,X,X,X
ITOJZLS,O,O,O,X,X,X,X
ITOJZSL,O,O,O,X,X,X,X
ITOSLJZ,X,O,X,X,X,X,X
ITOSLZJ,X,O,X,X,X,X,X
ITOSJLZ,X,O,X,X,X,X,X
ITOSJZL,X,O,X,X,X,X,X
ITOSZLJ,X,O,X,X,X,X,X
ITOSZJL,X,O,X,X,X,X,X
ITOZLJS,O,O,O,X,X,X,X
ITOZLSJ,O,O,O,X,X,X,X
ITOZJLS,O,O,O,X,X,X,X
ITOZJSL,O,O,O,X,X,X,X
ITOZSLJ,O,O,O,X,X,X,X
ITOZSJL,O,O,O,X,X,X,X
ILTJSZO,O,X,O,O,X,X,X
ILTJSOZ,X,X,O,O,X,X,X
ILTJZSO,O,X,O,O,X,X,X
ILTJZOS,O,X,O,O,X,X,X
ILTJOSZ,X,X,O,O,X,X,X
ILTJOZS,O,X,O,O,X,X,X
ILTSJZO,X,X,O,O,X,X,X
ILTSJOZ,X,X,O,O,X,X,X
ILTSZJO,X,X,O,O,X,X,X
ILTSZOJ,X,X,O,O,X,X,O
ILTSOJZ,X,X,X,X,X,X,X
ILTSOZJ,X,X,X,X,X,X,O
ILTZJSO,O,X,O,O,X,X,X
ILTZJOS,O,X,O,O,X,X,X
ILTZSJO,O,X,O,O,X,X,X
ILTZSOJ,O,X,O,O,X,X,X
ILTZOJS,X,X,O,X,X,X,X
ILTZOSJ,X,X,O,X,X,X,X
ILTOJSZ,X,X,O,X,X,X,X
ILTOJZS,X,X,O,X,X,X,X
ILTOSJZ,X,X,X,X,X,X,X
ILTOSZJ,X,X,X,X,X,X,X
ILTOZJS,X,X,O,X,X,X,X
ILTOZSJ,X,X,O,X,X,X,X
ILJTSZO,O,X,O,O,X,X,X
ILJTSOZ,X,X,O,O,X,X,X
ILJTZSO,O,X,O,O,X,X,X
ILJTZOS,O,X,O,O,X,X,X
ILJTOSZ,O,X,O,O,X,X,X
ILJTOZS,O,X,O,O,X,X,X
ILJSTZO,O,O,X,O,X,X,X
ILJSTOZ,X,X,X,O,X,X,X
ILJSZTO,O,O,X,O,X,X,X
ILJSZOT,O,O,X,O,X,X,O
ILJSOTZ,X,X,X,O,X,X,X
ILJSOZT,X,O,X,O,X,X,O
ILJZTSO,O,O,O,O,X,X,X
ILJZTOS,O,X,O,O,X,X,X
ILJZSTO,O,O,O,O,X,X,X
ILJZSOT,O,O,O,O,X,X,X
ILJZOTS,O,X,O,O,X,X,X
ILJZOST,O,X,O,O,X,X,X
ILJOTSZ,O,X,O,O,X,X,X
ILJOTZS,O,X,O,O,X,X,X
ILJOSTZ,O,X,X,O,X,X,X
ILJOSZT,O,X,X,O,X,X,X
ILJOZTS,O,X,O,O,X,X,X
ILJOZST,O,X,O,O,X,X,X
ILSTJZO,X,O,X,O,X,X,X
ILSTJOZ,X,X,X,O,X,X,X
ILSTZJO,X,O,X,O,X,X,X
ILSTZOJ,X,O,X,O,X,X,O
ILSTOJZ,X,O,X,X,X,X,X
ILSTOZJ,X,O,X,X,X,X,O
ILSJTZO,O,O,X,O,X,X,X
ILSJTOZ,X,X,X,O,X,X,X
ILSJZTO,O,O,X,O,X,X,X
ILSJZOT,O,O,X,O,X,X,O
ILSJOTZ,X,O,X,O,X,X,X
ILSJOZT,X,O,X,O,X,X,O
ILSZTJO,O,O,X,O,X,X,X
ILSZTOJ,O,O,X,O,X,X,O
ILSZJTO,O,O,X,O,X,X,X
ILSZJOT,O,O,X,O,X,X,O
ILSZOTJ,O,O,X,O,X,X,O
ILSZOJT,O,O,X,O,X,X,O
ILSOTJZ,X,O,X,X,X,X,X
ILSOTZJ,X,O,X,X,X,X,O
ILSOJTZ,X,O,X,O,X,X,X
ILSOJZT,X,O,X,O,X,X,O
ILSOZTJ,X,O,X,O,X,X,O
ILSOZJT,X,O,X,O,X,X,O
ILZTJSO,O,O,O,O,X,X,X
ILZTJOS,O,X,O,O,X,X,X
ILZTSJO,O,O,O,O,X,X,X
ILZTSOJ,O,O,O,O,X,X,X
ILZTOJS,X,O,O,X,X,X,X
ILZTOSJ,X,O,O,X,X,X,X
ILZJTSO,O,O,O,O,X,X,X
ILZJTOS,O,X,O,O,X,X,X
ILZJSTO,O,O,O,O,X,X,X
ILZJSOT,O,O,O,O,X,X,X
ILZJOTS,O,X,O,O,X,X,X
ILZJOST,O,X,O,O,X,X,X
ILZSTJO,O,O,O,O,X,X,X
ILZSTOJ,O,O,O,O,X,X,O
ILZSJTO,O,O,O,O,X,X,X
ILZSJOT,O,O,O,O,X,X,O
ILZSOTJ,O,O,X,O,X,X,O
ILZSOJT,O,O,X,O,X,X,O
ILZOTJS,O,O,X,X,X,X,X
ILZOTSJ,O,O,X,X,X,X,X
ILZOJTS,O,O,X,O,X,X,X
ILZOJST,O,O,X,O,X,X,X
ILZOSTJ,O,O,X,O,X,X,X
ILZOSJT,O,O,X,O,X,X,X
ILOTJSZ,O,X,X,X,X,X,X
ILOTJZS,O,X,X,X,X,X,X
ILOTSJZ,X,X,X,X,X,X,X
ILOTSZJ,X,X,X,X,X,X,X
ILOTZJS,O,X,X,X,X,X,X
ILOTZSJ,O,X,X,X,X,X,X
ILOJTSZ,O,X,X,O,X,X,X
ILOJTZS,O,X,X,O,X,X,X
ILOJSTZ,O,O,X,O,X,X,X
ILOJSZT,O,O,X,O,X,X,X
ILOJZTS,O,O,X,O,X,X,X
ILOJZST,O,O,X,O,X,X,X
ILOSTJZ,X,O,X,X,X,X,X
ILOSTZJ,X,O,X,X,X,X,O
ILOSJTZ,O,O,X,O,X,X,X
ILOSJZT,O,O,X,O,X,X,O
ILOSZTJ,O,O,X,O,X,X,O
ILOSZJT,O,O,X,O,X,X,O
ILOZTJS,O,O,X,X,X,X,X
ILOZTSJ,O,O,X,X,X,X,X
ILOZJTS,O,O,X,O,X,X,X
ILOZJST,O,O,X,O,X,X,X
ILOZSTJ,O,O,X,O,X,X,X
ILOZSJT,O,O,X,O,X,X,X
IJTLSZO,O,X,O,O,X,X,X
IJTLSOZ,X,X,O,O,X,X,X
IJTLZSO,O,X,O,O,X,X,X
IJTLZOS,O,X,O,O,X,X,X
IJTLOSZ,O,X,O,O,X,X,X
IJTLOZS,O,X,O,O,X,X,X
IJTSLZO,O,O,O,X,X,O,X
IJTSLOZ,X,X,O,X,X,X,X
IJTSZLO,O,O,O,X,X,X,X
IJTSZOL,O,O,O,X,X,X,X
IJTSOLZ,O,X,O,X,X,X,X
IJTSOZL,O,X,O,X,X,X,X
IJTZLSO,O,O,O,O,X,X,X
IJTZLOS,O,X,O,O,X,X,X
IJTZSLO,O,O,O,X,X,X,X
IJTZSOL,O,O,O,X,X,X,X
IJTZOLS,O,X,O,O,X,X,X
IJTZOSL,O,O,O,X,X,X,X
IJTOLSZ,O,X,O,O,X,X,X
IJTOLZS,O,X,O,O,X,X,X
IJTOSLZ,O,X,O,X,X,X,X
IJTOSZL,O,X,O,X,X,X,X
IJTOZLS,O,X,O,O,X,X,X
IJTOZSL,O,X,O,X,X,X,X
IJLTSZO,O,X,O,O,X,X,X
IJLTSOZ,X,X,O,O,X,X,X
IJLTZSO,O,X,O,O,X,X,X
IJLTZOS,O,X,O,O,X,X,X
IJLTOSZ,O,X,O,O,X,X,X
IJLTOZS,O,X,O,O,X,X,X
IJLSTZO,O,O,X,O,X,X,X
IJLSTOZ,X,X,X,O,X,X,X
IJLSZTO,O,O,X,O,X,X,X
IJLSZOT,O,O,X,O,X,X,O
IJLSOTZ,X,X,X,O,X,X,X
IJLSOZT,X,O,X,O,X,X,O
IJLZTSO,O,O,O,O,X,X,X
IJLZTOS,O,X,O,O,X,X,X
IJLZSTO,O,O,O,O,X,X,X
IJLZSOT,O,O,O,O,X,X,X
IJLZOTS,O,X,O,O,X,X,X
IJLZOST,O,X,O,O,X,X,X
IJLOTSZ,O,X,O,O,X,X,X
IJLOTZS,O,X,O,O,X,X,X
IJLOSTZ,O,X,X,O,X,X,X
IJLOSZT,O,X,X,O,X,X,X
IJLOZTS,O,X,O,O,X,X,X
IJLOZST,O,X,O,O,X,X,X
IJSTLZO,O,O,O,X,X,O,X
IJSTLOZ,X,X,O,X,X,X,X
IJSTZLO,O,O,O,X,X,X,X
IJSTZOL,O,O,O,X,X,X,X
IJSTOLZ,O,X,O,X,X,X,X
IJSTOZL,O,X,O,X,X,X,X
IJSLTZO,O,O,X,O,X,O,X
IJSLTOZ,X,X,X,O,X,X,X
IJSLZTO,O,O,X,O,X,X,X
IJSLZOT,O,O,X,O,X,X,O
IJSLOTZ,X,O,X,O,X,X,X
IJSLOZT,X,O,X,O,X,X,O
IJSZTLO,O,O,O,X,X,X,X
IJSZTOL,O,O,O,X,X,X,X
IJSZLTO,O,O,O,O,X,X,X
IJSZLOT,O,O,O,O,X,X,X
IJSZOTL,O,O,O,X,X,X,X
IJSZOLT,O,O,O,O,X,X,X
IJSOTLZ,O,O,O,X,X,X,X
IJSOTZL,O,O,O,X,X,X,X
IJSOLTZ,O,O,X,O,X,X,X
IJSOLZT,O,O,X,O,X,X,X
IJSOZTL,O,O,O,X,X,X,X
IJSOZLT,O,O,O,O,X,X,X
IJZTLSO,O,O,O,O,X,X,X
IJZTLOS,O,X,O,O,O,X,X
IJZTSLO,O,O,O,X,X,X,X
IJZTSOL,O,O,O,X,X,X,X
IJZTOLS,O,O,O,O,O,X,X
IJZTOSL,O,O,O,X,O,X,X
IJZLTSO,O,O,O,O,X,X,X
IJZLTOS,O,X,O,O,X,X,X
IJZLSTO,O,O,O,O,X,X,X
IJZLSOT,O,O,O,O,X,X,X
IJZLOTS,O,X,O,O,X,X,X
IJZLOST,O,X,O,O,X,X,X
IJZSTLO,O,O,O,X,X,X,X
IJZSTOL,O,O,O,X,X,X,X
IJZSLTO,O,O,O,O,X,X,X
IJZSLOT,O,O,O,O,X,X,X
IJZSOTL,O,O,O,X,X,X,X
IJZSOLT,O,O,O,O,X,X,X
IJZOTLS,O,O,O,O,O,X,X
IJZOTSL,O,O,O,X,O,X,X
IJZOLTS,O,O,O,O,O,X,X
IJZOLST,O,O,O,O,X,X,X
IJZOSTL,O,O,O,X,O,X,X
IJZOSLT,O,O,O,O,X,X,X
IJOTLSZ,O,X,O,O,X,X,X
IJOTLZS,O,X,O,O,X,X,X
IJOTSLZ,O,O,O,X,X,X,X
IJOTSZL,O,O,O,X,X,X,X
IJOTZLS,O,O,O,O,O,X,X
IJOTZSL,O,O,O,X,O,X,X
IJOLTSZ,O,X,O,O,X,X,X
IJOLTZS,O,X,O,O,X,X,X
IJOLSTZ,O,O,X,O,X,X,X
IJOLSZT,O,O,X,O,X,X,X
IJOLZTS,O,O,O,O,O,X,X
IJOLZST,O,O,O,O,X,X,X
IJOSTLZ,O,O,O,X,X,X,X
IJOSTZL,O,O,O,X,X,X,X
IJOSLTZ,O,O,X,O,X,X,X
IJOSLZT,O,O,X,O,X,X,X
IJOSZTL,O,O,O,X,O,X,X
IJOSZLT,O,O,O,O,X,X,X
IJOZTLS,O,O,O,O,O,X,X
IJOZTSL,O,O,O,X,O,X,X
IJOZLTS,O,O,O,O,O,X,X
IJOZLST,O,O,O,O,X,X,X
IJOZSTL,O,O,O,X,O,X,X
IJOZSLT,O,O,O,O,X,X,X
ISTLJZO,X,O,O,X,X,O,X
ISTLJOZ,X,X,O,X,X,X,X
ISTLZJO,X,O,O,X,X,X,X
ISTLZOJ,X,O,O,X,X,X,O
ISTLOJZ,X,O,X,X,X,X,X
ISTLOZJ,X,O,X,X,X,X,O
ISTJLZO,X,O,O,X,X,O,X
ISTJLOZ,X,X,O,X,X,X,X
ISTJZLO,X,O,O,X,X,X,X
ISTJZOL,X,O,O,X,X,X,X
ISTJOLZ,X,X,O,X,X,X,X
ISTJOZL,X,X,O,X,X,X,X
ISTZLJO,X,O,O,X,X,X,X
ISTZLOJ,X,O,O,X,X,X,X
ISTZJLO,X,O,O,X,X,X,X
ISTZJOL,X,O,O,X,X,X,X
ISTZOLJ,X,O,O,X,X,X,X
ISTZOJL,X,O,O,X,X,X,X
ISTOLJZ,X,O,X,X,X,X,X
ISTOLZJ,X,O,X,X,X,X,X
ISTOJLZ,X,O,X,X,X,X,X
ISTOJZL,X,O,X,X,X,X,X
ISTOZLJ,X,O,X,X,X,X,X
ISTOZJL,X,O,X,X,X,X,X
ISLTJZO,X,O,X,O,X,O,X
ISLTJOZ,X,X,X,O,X,X,X
ISLTZJO,X,O,X,O,X,X,X
ISLTZOJ,X,O,X,O,X,X,O
ISLTOJZ,X,O,X,X,X,X,X
ISLTOZJ,X,O,X,X,X,X,O
ISLJTZO,O,O,X,O,X,O,X
ISLJTOZ,X,X,X,O,X,X,X
ISLJZTO,O,O,X,O,X,X,X
ISLJZOT,O,O,X,O,X,X,O
ISLJOTZ,X,O,X,O,X,X,X
ISLJOZT,X,O,X,O,X,X,O
ISLZTJO,O,O,X,O,X,X,X
ISLZTOJ,O,O,X,O,X,X,O
ISLZJTO,O,O,X,O,X,X,X
ISLZJOT,O,O,X,O,X,X,O
ISLZOTJ,O,O,X,O,X,X,O
ISLZOJT,O,O,X,O,X,X,O
ISLOTJZ,X,O,X,X,X,X,X
ISLOTZJ,X,O,X,X,X,X,O
ISLOJTZ,X,O,X,O,X,X,X
ISLOJZT,X,O,X,O,X,X,O
ISLOZTJ,X,O,X,O,X,X,O
ISLOZJT,X,O,X,O,X,X,O
ISJTLZO,O,O,O,X,X,O,X
ISJTLOZ,X,X,O,X,X,X,X
ISJTZLO,O,O,O,X,X,X,X
ISJTZOL,O,O,O,X,X,X,X
ISJTOLZ,O,X,O,X,X,X,X
ISJTOZL,O,X,O,X,X,X,X
ISJLTZO,O,O,X,O,X,O,X
ISJLTOZ,X,X,X,O,X,X,X
ISJLZTO,O,O,X,O,X,X,X
ISJLZOT,O,O,X,O,X,X,O
ISJLOTZ,X,O,X,O,X,X,X
ISJLOZT,X,O,X,O,X,X,O
ISJZTLO,O,O,O,X,X,X,X
ISJZTOL,O,O,O,X,X,X,X
ISJZLTO,O,O,O,O,X,X,X
ISJZLOT,O,O,O,O,X,X,X
ISJZOTL,O,O,O,X,X,X,X
ISJZOLT,O,O,O,O,X,X,X
ISJOTLZ,O,O,O,X,X,X,X
ISJOTZL,O,O,O,X,X,X,X
ISJOLTZ,O,O,X,O,X,X,X
ISJOLZT,O,O,X,O,X,X,X
ISJOZTL,O,O,O,X,X,X,X
ISJOZLT,O,O,O,O,X,X,X
ISZTLJO,O,O,O,X,X,X,X
ISZTLOJ,O,O,O,X,X,X,X
ISZTJLO,O,O,O,X,X,X,X
ISZTJOL,O,O,O,X,X,X,X
ISZTOLJ,O,O,O,X,X,X,X
ISZTOJL,O,O,O,X,X,X,X
ISZLTJO,O,O,O,O,X,X,X
ISZLTOJ,O,O,O,O,X,X,O
ISZLJTO,O,O,O,O,X,X,X
ISZLJOT,O,O,O,O,X,X,O
ISZLOTJ,O,O,X,O,X,X,O
ISZLOJT,O,O,X,O,X,X,O
ISZJTLO,O,O,O,X,X,X,X
ISZJTOL,O,O,O,X,X,X,X
ISZJLTO,O,O,O,O,X,X,X
ISZJLOT,O,O,O,O,X,X,X
ISZJOTL,O,O,O,X,X,X,X
ISZJOLT,O,O,O,O,X,X,X
ISZOTLJ,O,O,O,X,X,X,X
ISZOTJL,O,O,O,X,X,X,X
ISZOLTJ,O,O,X,X,X,X,X
ISZOLJT,O,O,X,X,X,X,X
ISZOJTL,O,O,O,X,X,X,X
ISZOJLT,O,O,O,X,X,X,X
ISOTLJZ,X,O,X,X,X,X,X
ISOTLZJ,X,O,X,X,X,X,X
ISOTJLZ,X,O,X,X,X,X,X
ISOTJZL,X,O,X,X,X,X,X
ISOTZLJ,X,O,X,X,X,X,X
ISOTZJL,X,O,X,X,X,X,X
ISOLTJZ,X,O,X,X,X,X,X
ISOLTZJ,X,O,X,X,X,X,O
ISOLJTZ,O,O,X,X,X,X,X
ISOLJZT,O,O,X,X,X,X,O
ISOLZTJ,O,O,X,X,X,X,O
ISOLZJT,O,O,X,X,X,X,O
ISOJTLZ,O,O,X,X,X,X,X
ISOJTZL,O,O,X,X,X,X,X
ISOJLTZ,O,O,X,X,X,X,X
ISOJLZT,O,O,X,X,X,X,X
ISOJZTL,O,O,X,X,X,X,X
ISOJZLT,O,O,X,X,X,X,X
ISOZTLJ,O,O,X,X,X,X,X
ISOZTJL,O,O,X,X,X,X,X
ISOZLTJ,O,O,X,X,X,X,X
ISOZLJT,O,O,X,X,X,X,X
ISOZJTL,O,O,X,X,X,X,X
ISOZJLT,O,O,X,X,X,X,X
IZTLJSO,O,O,O,O,X,X,X
IZTLJOS,O,X,O,O,O,X,X
IZTLSJO,O,O,O,O,X,X,X
IZTLSOJ,O,O,O,O,X,X,X
IZTLOJS,X,O,O,X,O,X,X
IZTLOSJ,X,O,O,X,O,X,X
IZTJLSO,O,O,O,O,X,X,X
IZTJLOS,O,X,O,O,O,X,X
IZTJSLO,O,O,O,X,X,X,X
IZTJSOL,O,O,O,X,X,X,X
IZTJOLS,O,O,O,O,O,X,X
IZTJOSL,O,O,O,X,O,X,X
IZTSLJO,O,O,O,X,X,X,X
IZTSLOJ,O,O,O,X,X,X,X
IZTSJLO,O,O,O,X,X,X,X
IZTSJOL,O,O,O,X,X,X,X
IZTSOLJ,O,O,O,X,X,X,X
IZTSOJL,O,O,O,X,X,X,X
IZTOLJS,O,O,O,X,O,X,X
IZTOLSJ,O,O,O,X,O,X,X
IZTOJLS,O,O,O,X,O,X,X
IZTOJSL,O,O,O,X,O,X,X
IZTOSLJ,O,O,O,X,O,X,X
IZTOSJL,O,O,O,X,O,X,X
IZLTJSO,O,O,O,O,X,X,X
IZLTJOS,O,X,O,O,X,X,X
IZLTSJO,O,O,O,O,X,X,X
IZLTSOJ,O,O,O,O,X,X,X
IZLTOJS,X,O,O,X,X,X,X
IZLTOSJ,X,O,O,X,X,X,X
IZLJTSO,O,O,O,O,X,X,X
IZLJTOS,O,X,O,O,X,X,X
IZLJSTO,O,O,O,O,X,X,X
IZLJSOT,O,O,O,O,X,X,X
IZLJOTS,O,X,O,O,X,X,X
IZLJOST,O,X,O,O,X,X,X
IZLSTJO,O,O,O,O,X,X,X
IZLSTOJ,O,O,O,O,X,X,O
IZLSJTO,O,O,O,O,X,X,X
IZLSJOT,O,O,O,O,X,X,O
IZLSOTJ,O,O,X,O,X,X,O
IZLSOJT,O,O,X,O,X,X,O
IZLOTJS,O,O,X,X,X,X,X
IZLOTSJ,O,O,X,X,X,X,X
IZLOJTS,O,O,X,O,X,X,X
IZLOJST,O,O,X,O,X,X,X
IZLOSTJ,O,O,X,O,X,X,X
IZLOSJT,O,O,X,O,X,X,X
IZJTLSO,O,O,O,O,X,X,X
IZJTLOS,O,X,O,O,O,X,X
IZJTSLO,O,O,O,X,X,X,X
IZJTSOL,O,O,O,X,X,X,X
IZJTOLS,O,O,O,O,O,X,X
IZJTOSL,O,O,O,X,O,X,X
IZJLTSO,O,O,O,O,X,X,X
IZJLTOS,O,X,O,O,X,X,X
IZJLSTO,O,O,O,O,X,X,X
IZJLSOT,O,O,O,O,X,X,X
IZJLOTS,O,X,O,O,X,X,X
IZJLOST,O,X,O,O,X,X,X
IZJSTLO,O,O,O,X,X,X,X
IZJSTOL,O,O,O,X,X,X,X
IZJSLTO,O,O,O,O,X,X,X
IZJSLOT,O,O,O,O,X,X,X
IZJSOTL,O,O,O,X,X,X,X
IZJSOLT,O,O,O,O,X,X,X
IZJOTLS,O,O,O,O,O,X,X
IZJOTSL,O,O,O,X,O,X,X
IZJOLTS,O,O,O,O,O,X,X
IZJOLST,O,O,O,O,X,X,X
IZJOSTL,O,O,O,X,O,X,X
IZJOSLT,O,O,O,O,X,X,X
IZSTLJO,O,O,O,X,X,X,X
IZSTLOJ,O,O,O,X,X,X,X
IZSTJLO,O,O,O,X,X,X,X
IZSTJOL,O,O,O,X,X,X,X
IZSTOLJ,O,O,O,X,X,X,X
IZSTOJL,O,O,O,X,X,X,X
IZSLTJO,O,O,O,O,X,X,X
IZSLTOJ,O,O,O,O,X,X,O
IZSLJTO,O,O,O,O,X,X,X
IZSLJOT,O,O,O,O,X,X,O
IZSLOTJ,O,O,X,O,X,X,O
IZSLOJT,O,O,X,O,X,X,O
IZSJTLO,O,O,O,X,X,X,X
IZSJTOL,O,O,O,X,X,X,X
IZSJLTO,O,O,O,O,X,X,X
IZSJLOT,O,O,O,O,X,X,X
IZSJOTL,O,O,O,X,X,X,X
IZSJOLT,O,O,O,O,X,X,X
IZSOTLJ,O,O,O,X,X,X,X
IZSOTJL,O,O,O,X,X,X,X
IZSOLTJ,O,O,X,X,X,X,X
IZSOLJT,O,O,X,X,X,X,X
IZSOJTL,O,O,O,X,X,X,X
IZSOJLT,O,O,O,X,X,X,X
IZOTLJS,O,O,O,X,O,X,X
IZOTLSJ,O,O,O,X,O,X,X
IZOTJLS,O,O,O,X,O,X,X
IZOTJSL,O,O,O,X,O,X,X
IZOTSLJ,O,O,O,X,O,X,X
IZOTSJL,O,O,O,X,O,X,X
IZOLTJS,O,O,X,X,O,X,X
IZOLTSJ,O,O,X,X,O,X,X
IZOLJTS,O,O,X,O,O,X,X
IZOLJST,O,O,X,O,X,X,X
IZOLSTJ,O,O,X,O,X,X,X
IZOLSJT,O,O,X,O,X,X,X
IZOJTLS,O,O,O,O,O,X,X
IZOJTSL,O,O,O,X,O,X,X
IZOJLTS,O,O,O,O,O,X,X
IZOJLST,O,O,O,O,X,X,X
IZOJSTL,O,O,O,X,O,X,X
IZOJSLT,O,O,O,O,X,X,X
IZOSTLJ,O,O,O,X,O,X,X
IZOSTJL,O,O,O,X,O,X,X
IZOSLTJ,O,O,X,X,X,X,X
IZOSLJT,O,O,X,X,X,X,X
IZOSJTL,O,O,O,X,O,X,X
IZOSJLT,O,O,O,X,X,X,X
IOTLJSZ,O,X,O,X,X,X,X
IOTLJZS,O,X,O,X,X,X,X
IOTLSJZ,X,X,X,X,X,X,X
IOTLSZJ,X,X,X,X,X,X,X
IOTLZJS,O,X,O,X,X,X,X
IOTLZSJ,O,X,O,X,X,X,X
IOTJLSZ,O,X,O,X,X,X,X
IOTJLZS,O,X,O,X,X,X,X
IOTJSLZ,O,O,O,X,X,X,X
IOTJSZL,O,O,O,X,X,X,X
IOTJZLS,O,O,O,X,O,X,X
IOTJZSL,O,O,O,X,O,X,X
IOTSLJZ,X,O,X,X,X,X,X
IOTSLZJ,X,O,X,X,X,X,X
IOTSJLZ,X,O,X,X,X,X,X
IOTSJZL,X,O,X,X,X,X,X
IOTSZLJ,X,O,X,X,X,X,X
IOTSZJL,X,O,X,X,X,X,X
IOTZLJS,O,O,O,X,O,X,X
IOTZLSJ,O,O,O,X,O,X,X
IOTZJLS,O,O,O,X,O,X,X
IOTZJSL,O,O,O,X,O,X,X
IOTZSLJ,O,O,O,X,O,X,X
IOTZSJL,O,O,O,X,O,X,X
IOLTJSZ,O,X,X,X,X,X,X
IOLTJZS,O,X,X,X,X,X,X
IOLTSJZ,X,X,X,X,X,X,X
IOLTSZJ,X,X,X,X,X,X,X
IOLTZJS,O,X,X,X,X,X,X
IOLTZSJ,O,X,X,X,X,X,X
IOLJTSZ,O,X,X,O,X,X,X
IOLJTZS,O,X,X,O,X,X,X
IOLJSTZ,O,O,X,O,X,X,X
IOLJSZT,O,O,X,O,X,X,X
IOLJZTS,O,O,X,O,O,X,X
IOLJZST,O,O,X,O,X,X,X
IOLSTJZ,X,O,X,X,X,X,X
IOLSTZJ,X,O,X,X,X,X,O
IOLSJTZ,O,O,X,O,X,X,X
IOLSJZT,O,O,X,O,X,X,O
IOLSZTJ,O,O,X,O,X,X,O
IOLSZJT,O,O,X,O,X,X,O
IOLZTJS,O,O,X,X,O,X,X
IOLZTSJ,O,O,X,X,O,X,X
IOLZJTS,O,O,X,O,O,X,X
IOLZJST,O,O,X,O,X,X,X
IOLZSTJ,O,O,X,O,X,X,X
IOLZSJT,O,O,X,O,X,X,X
IOJTLSZ,O,X,O,O,X,X,X
IOJTLZS,O,X,O,O,X,X,X
IOJTSLZ,O,O,O,X,X,X,X
IOJTSZL,O,O,O,X,X,X,X
IOJTZLS,O,O,O,O,O,X,X
IOJTZSL,O,O,O,X,O,X,X
IOJLTSZ,O,X,O,O,X,X,X
IOJLTZS,O,X,O,O,X,X,X
IOJLSTZ,O,O,X,O,X,X,X
IOJLSZT,O,O,X,O,X,X,X
IOJLZTS,O,O,O,O,O,X,X
IOJLZST,O,O,O,O,X,X,X
IOJSTLZ,O,O,O,X,X,X,X
IOJSTZL,O,O,O,X,X,X,X
IOJSLTZ,O,O,X,O,X,X,X
IOJSLZT,O,O,X,O,X,X,X
IOJSZTL,O,O,O,X,O,X,X
IOJSZLT,O,O,O,O,X,X,X
IOJZTLS,O,O,O,O,O,X,X
IOJZTSL,O,O,O,X,O,X,X
IOJZLTS,O,O,O,O,O,X,X
IOJZLST,O,O,O,O,X,X,X
IOJZSTL,O,O,O,X,O,X,X
IOJZSLT,O,O,O,O,X,X,X
IOSTLJZ,X,O,X,X,X,X,X
IOSTLZJ,X,O,X,X,X,X,X
IOSTJLZ,X,O,X,X,X,X,X
IOSTJZL,X,O,X,X,X,X,X
IOSTZLJ,X,O,X,X,X,X,X
IOSTZJL,X,O,X,X,X,X,X
IOSLTJZ,X,O,X,X,X,X,X
IOSLTZJ,X,O,X,X,X,X,O
IOSLJTZ,O,O,X,X,X,X,X
IOSLJZT,O,O,X,X,X,X,O
IOSLZTJ,O,O,X,X,X,X,O
IOSLZJT,O,O,X,X,X,X,O
IOSJTLZ,O,O,X,X,X,X,X
IOSJTZL,O,O,X,X,X,X,X
IOSJLTZ,O,O,X,X,X,X,X
IOSJLZT,O,O,X,X,X,X,X
IOSJZTL,O,O,X,X,O,X,X
IOSJZLT,O,O,X,X,X,X,X
IOSZTLJ,O,O,X,X,O,X,X
IOSZTJL,O,O,X,X,O,X,X
IOSZLTJ,O,O,X,X,X,X,X
IOSZLJT,O,O,X,X,X,X,X
IOSZJTL,O,O,X,X,O,X,X
IOSZJLT,O,O,X,X,X,X,X
IOZTLJS,O,O,O,X,O,X,X
IOZTLSJ,O,O,O,X,O,X,X
IOZTJLS,O,O,O,X,O,X,X
IOZTJSL,O,O,O,X,O,X,X
IOZTSLJ,O,O,O,X,O,X,X
IOZTSJL,O,O,O,X,O,X,X
IOZLTJS,O,O,X,X,O,X,X
IOZLTSJ,O,O,X,X,O,X,X
IOZLJTS,O,O,X,O,O,X,X
IOZLJST,O,O,X,O,X,X,X
IOZLSTJ,O,O,X,O,X,X,X
IOZLSJT,O,O,X,O,X,X,X
IOZJTLS,O,O,O,O,O,X,X
IOZJTSL,O,O,O,X,O,X,X
IOZJLTS,O,O,O,O,O,X,X
IOZJLST,O,O,O,O,X,X,X
IOZJSTL,O,O,O,X,O,X,X
IOZJSLT,O,O,O,O,X,X,X
IOZSTLJ,O,O,O,X,O,X,X
IOZSTJL,O,O,O,X,O,X,X
IOZSLTJ,O,O,X,X,X,X,X
IOZSLJT,O,O,X,X,X,X,X
IOZSJTL,O,O,O,X,O,X,X
IOZSJLT,O,O,O,X,X,X,X
LTIJSZO,O,X,X,O,X,X,X
LTIJSOZ,X,X,X,O,X,X,X
LTIJZSO,O,X,O,O,X,X,X
LTIJZOS,O,X,O,O,X,X,X
LTIJOSZ,X,X,X,O,X,X,X
LTIJOZS,O,X,O,O,X,X,X
LTISJZO,X,X,X,O,X,X,X
LTISJOZ,X,X,X,O,X,X,X
LTISZJO,X,X,X,O,X,X,X
LTISZOJ,X,X,X,O,X,X,O
LTISOJZ,X,X,X,X,X,X,X
LTISOZJ,X,X,X,X,X,X,O
LTIZJSO,O,X,O,O,X,X,X
LTIZJOS,O,X,O,O,X,X,X
LTIZSJO,O,X,O,O,X,X,X
LTIZSOJ,O,X,X,O,X,X,X
LTIZOJS,X,X,X,X,X,X,X
LTIZOSJ,X,X,X,X,X,X,X
LTIOJSZ,X,X,X,X,X,X,X
LTIOJZS,X,X,X,X,X,X,X
LTIOSJZ,X,X,X,X,X,X,X
LTIOSZJ,X,X,X,X,X,X,X
LTIOZJS,X,X,X,X,X,X,X
LTIOZSJ,X,X,X,X,X,X,X
LTJISZO,X,X,X,O,X,X,X
LTJISOZ,X,X,X,O,X,X,X
LTJIZSO,O,X,O,O,X,X,X
LTJIZOS,X,X,O,O,X,X,X
LTJIOSZ,X,X,X,O,X,X,X
LTJIOZS,X,X,O,O,X,X,X
LTJSIZO,X,X,X,X,X,O,X
LTJSIOZ,X,X,X,X,X,X,X
LTJSZIO,O,X,O,O,X,O,X
LTJSZOI,O,X,O,O,X,O,X
LTJSOIZ,X,X,X,X,X,X,X
LTJSOZI,X,X,O,O,X,O,X
LTJZISO,O,X,O,O,X,X,X
LTJZIOS,X,X,O,O,X,X,X
LTJZSIO,O,X,O,O,X,X,X
LTJZSOI,O,X,O,O,X,X,X
LTJZOIS,X,X,O,O,X,X,X
LTJZOSI,O,X,O,O,X,X,X
LTJOISZ,X,X,X,O,X,X,X
LTJOIZS,X,X,O,O,X,X,X
LTJOSIZ,X,X,X,X,X,X,X
LTJOSZI,X,X,O,O,X,X,X
LTJOZIS,X,X,O,O,X,X,X
LTJOZSI,O,X,O,O,X,X,X
LTSIJZO,X,X,X,X,X,O,X
LTSIJOZ,X,X,X,X,X,X,X
LTSIZJO,X,X,X,X,X,X,X
LTSIZOJ,X,X,X,X,X,X,O
LTSIOJZ,X,X,X,X,X,X,X
LTSIOZJ,X,X,X,X,X,X,O
LTSJIZO,X,X,X,X,X,O,X
LTSJIOZ,X,X,X,X,X,X,X
LTSJZIO,X,X,O,O,X,O,X
LTSJZOI,X,X,O,O,X,O,X
LTSJOIZ,X,X,X,X,X,X,X
LTSJOZI,X,X,O,O,X,O,X
LTSZIJO,X,X,O,O,X,X,X
LTSZIOJ,X,X,X,X,X,X,X
LTSZJIO,X,X,O,O,X,O,X
LTSZJOI,X,X,O,O,X,O,X
LTSZOIJ,X,X,X,X,X,X,X
LTSZOJI,X,X,O,O,X,X,X
LTSOIJZ,X,X,X,X,X,X,X
LTSOIZJ,X,X,X,X,X,X,X
LTSOJIZ,X,X,X,X,X,X,X
LTSOJZI,X,X,X,X,X,O,X
LTSOZIJ,X,X,X,X,X,X,X
LTSOZJI,X,X,X,X,X,X,X
LTZIJSO,O,X,O,O,X,X,X
LTZIJOS,O,X,O,O,X,X,X
LTZISJO,O,X,O,O,X,X,X
LTZISOJ,O,X,X,O,X,X,X
LTZIOJS,X,X,X,X,X,X,X
LTZIOSJ,X,X,X,X,X,X,X
LTZJISO,O,X,O,O,X,X,X
LTZJIOS,X,X,O,O,X,X,X
LTZJSIO,O,X,O,O,X,X,X
LTZJSOI,O,X,O,O,X,X,X
LTZJOIS,X,X,O,O,X,X,X
LTZJOSI,O,X,O,O,X,X,X
LTZSIJO,O,X,O,O,X,X,X
LTZSIOJ,O,X,X,X,X,X,X
LTZSJIO,O,X,O,O,X,X,X
LTZSJOI,O,X,O,O,X,X,X
LTZSOIJ,O,X,X,X,X,X,X
LTZSOJI,O,X,O,O,X,X,X
LTZOIJS,X,X,X,X,X,X,X
LTZOISJ,X,X,X,X,X,X,X
LTZOJIS,X,X,O,X,X,X,X
LTZOJSI,X,X,O,X,X,X,X
LTZOSIJ,X,X,X,X,X,X,X
LTZOSJI,X,X,O,X,X,X,X
LTOIJSZ,X,X,X,X,X,X,X
LTOIJZS,X,X,X,X,X,X,X
LTOISJZ,X,X,X,X,X,X,X
LTOISZJ,X,X,X,X,X,X,X
LTOIZJS,X,X,X,X,X,X,X
LTOIZSJ,X,X,X,X,X,X,X
LTOJISZ,X,X,X,X,X,X,X
LTOJIZS,X,X,O,X,X,X,X
LTOJSIZ,X,X,X,X,X,X,X
LTOJSZI,X,X,O,X,X,X,X
LTOJZIS,X,X,O,X,X,X,X
LTOJZSI,X,X,O,X,X,X,X
LTOSIJZ,X,X,X,X,X,X,X
LTOSIZJ,X,X,X,X,X,X,X
LTOSJIZ,X,X,X,X,X,X,X
LTOSJZI,X,X,X,X,X,X,X
LTOSZIJ,X,X,X,X,X,X,X
LTOSZJI,X,X,X,X,X,X,X
LTOZIJS,X,X,X,X,X,X,X
LTOZISJ,X,X,X,X,X,X,X
LTOZJIS,X,X,O,X,X,X,X
LTOZJSI,X,X,O,X,X,X,X
LTOZSIJ,X,X,X,X,X,X,X
LTOZSJI,X,X,O,X,X,X,X
LITJSZO,O,X,O,O,X,X,X
LITJSOZ,X,X,O,O,X,X,X
LITJZSO,O,X,O,O,X,X,X
LITJZOS,O,X,O,O,X,X,X
LITJOSZ,X,X,O,O,X,X,X
LITJOZS,O,X,O,O,X,X,X
LITSJZO,X,X,O,O,X,X,X
LITSJOZ,X,X,O,O,X,X,X
LITSZJO,X,X,O,O,X,X,X
LITSZOJ,X,X,O,O,X,X,O
LITSOJZ,X,X,X,X,X,X,X
LITSOZJ,X,X,X,X,X,X,O
LITZJSO,O,X,O,O,X,X,X
LITZJOS,O,X,O,O,X,X,X
LITZSJO,O,X,O,O,X,X,X
LITZSOJ,O,X,O,O,X,X,X
LITZOJS,X,X,O,X,X,X,X
LITZOSJ,X,X,O,X,X,X,X
LITOJSZ,X,X,O,X,X,X,X
LITOJZS,X,X,O,X,X,X,X
LITOSJZ,X,X,X,X,X,X,X
LITOSZJ,X,X,X,X,X,X,X
LITOZJS,X,X,O,X,X,X,X
LITOZSJ,X,X,O,X,X,X,X
LIJTSZO,O,X,O,O,X,X,X
LIJTSOZ,X,X,O,O,X,X,X
LIJTZSO,O,X,O,O,X,X,X
LIJTZOS,O,X,O,O,X,X,X
LIJTOSZ,O,X,O,O,X,X,X
LIJTOZS,O,X,O,O,X,X,X
LIJSTZO,O,O,X,O,X,X,X
LIJSTOZ,X,X,X,O,X,X,X
LIJSZTO,O,O,X,O,X,X,X
LIJSZOT,O,O,X,O,X,X,O
LIJSOTZ,X,X,X,O,X,X,X
LIJSOZT,X,O,X,O,X,X,O
LIJZTSO,O,O,O,O,X,X,X
LIJZTOS,O,X,O,O,X,X,X
LIJZSTO,O,O,O,O,X,X,X
LIJZSOT,O,O,O,O,X,X,X
LIJZOTS,O,X,O,O,X,X,X
LIJZOST,O,X,O,O,X,X,X
LIJOTSZ,O,X,O,O,X,X,X
LIJOTZS,O,X,O,O,X,X,X
LIJOSTZ,O,X,X,O,X,X,X
LIJOSZT,O,X,X,O,X,X,X
LIJOZTS,O,X,O,O,X,X,X
LIJOZST,O,X,O,O,X,X,X
LISTJZO,X,O,X,O,X,X,X
LISTJOZ,X,X,X,O,X,X,X
LISTZJO,X,O,X,O,X,X,X
LISTZOJ,X,O,X,O,X,X,O
LISTOJZ,X,O,X,X,X,X,X
LISTOZJ,X,O,X,X,X,X,O
LISJTZO,O,O,X,O,X,X,X
LISJTOZ,X,X,X,O,X,X,X
LISJZTO,O,O,X,O,X,X,X
LISJZOT,O,O,X,O,X,X,O
LISJOTZ,X,O,X,O,X,X,X
LISJOZT,X,O,X,O,X,X,O
LISZTJO,O,O,X,O,X,X,X
LISZTOJ,O,O,X,O,X,X,O
LISZJTO,O,O,X,O,X,X,X
LISZJOT,O,O,X,O,X,X,O
LISZOTJ,O,O,X,O,X,X,O
LISZOJT,O,O,X,O,X,X,O
LISOTJZ,X,O,X,X,X,X,X
LISOTZJ,X,O,X,X,X,X,O
LISOJTZ,X,O,X,O,X,X,X
LISOJZT,X,O,X,O,X,X,O
LISOZTJ,X,O,X,O,X,X,O
LISOZJT,X,O,X,O,X,X,O
LIZTJSO,O,O,O,O,X,X,X
LIZTJOS,O,X,O,O,X,X,X
LIZTSJO,O,O,O,O,X,X,X
LIZTSOJ,O,O,O,O,X,X,X
LIZTOJS,X,O,O,X,X,X,X
LIZTOSJ,X,O,O,X,X,X,X
LIZJTSO,O,O,O,O,X,X,X
LIZJTOS,O,X,O,O,X,X,X
LIZJSTO,O,O,O,O,X,X,X
LIZJSOT,O,O,O,O,X,X,X
LIZJOTS,O,X,O,O,X,X,X
LIZJOST,O,X,O,O,X,X,X
LIZSTJO,O,O,O,O,X,X,X
LIZSTOJ,O,O,O,O,X,X,O
LIZSJTO,O,O,O,O,X,X,X
LIZSJOT,O,O,O,O,X,X,O
LIZSOTJ,O,O,X,O,X,X,O
LIZSOJT,O,O,X,O,X,X,O
LIZOTJS,O,O,X,X,X,X,X
LIZOTSJ,O,O,X,X,X,X,X
LIZOJTS,O,O,X,O,X,X,X
LIZOJST,O,O,X,O,X,X,X
LIZOSTJ,O,O,X,O,X,X,X
LIZOSJT,O,O,X,O,X,X,X
LIOTJSZ,O,X,X,X,X,X,X
LIOTJZS,O,X,X,X,X,X,X
LIOTSJZ,X,X,X,X,X,X,X
LIOTSZJ,X,X,X,X,X,X,X
LIOTZJS,O,X,X,X,X,X,X
LIOTZSJ,O,X,X,X,X,X,X
LIOJTSZ,O,X,X,O,X,X,X
LIOJTZS,O,X,X,O,X,X,X
LIOJSTZ,O,O,X,O,X,X,X
LIOJSZT,O,O,X,O,X,X,X
LIOJZTS,O,O,X,O,X,X,X
LIOJZST,O,O,X,O,X,X,X
LIOSTJZ,X,O,X,X,X,X,X
LIOSTZJ,X,O,X,X,X,X,O
LIOSJTZ,O,O,X,O,X,X,X
LIOSJZT,O,O,X,O,X,X,O
LIOSZTJ,O,O,X,O,X,X,O
LIOSZJT,O,O,X,O,X,X,O
LIOZTJS,O,O,X,X,X,X,X
LIOZTSJ,O,O,X,X,X,X,X
LIOZJTS,O,O,X,O,X,X,X
LIOZJST,O,O,X,O,X,X,X
LIOZSTJ,O,O,X,O,X,X,X
LIOZSJT,O,O,X,O,X,X,X
LJTISZO,X,X,X,O,X,X,X
LJTISOZ,X,X,X,O,X,X,X
LJTIZSO,O,X,O,O,X,X,X
LJTIZOS,X,X,O,O,X,X,X
LJTIOSZ,X,X,X,O,X,X,X
LJTIOZS,X,X,O,O,X,X,X
LJTSIZO,X,X,X,X,X,O,X
LJTSIOZ,X,X,X,X,X,X,X
LJTSZIO,O,X,O,O,X,O,X
LJTSZOI,O,X,O,O,X,O,X
LJTSOIZ,X,X,X,X,X,X,X
LJTSOZI,X,X,O,O,X,O,X
LJTZISO,O,X,O,O,X,X,X
LJTZIOS,X,X,O,O,X,X,X
LJTZSIO,O,X,O,O,X,X,X
LJTZSOI,O,X,O,O,X,X,X
LJTZOIS,O,X,O,O,X,X,X
LJTZOSI,O,X,O,O,X,X,X
LJTOISZ,X,X,X,O,X,X,X
LJTOIZS,O,X,O,O,X,X,X
LJTOSIZ,X,X,X,X,X,X,X
LJTOSZI,O,X,O,O,X,X,X
LJTOZIS,O,X,O,O,X,X,X
LJTOZSI,O,X,O,O,X,X,X
LJITSZO,O,X,O,O,X,X,X
LJITSOZ,X,X,O,O,X,X,X
LJITZSO,O,X,O,O,X,X,X
LJITZOS,O,X,O,O,X,X,X
LJITOSZ,X,X,O,O,X,X,X
LJITOZS,O,X,O,O,X,X,X
LJISTZO,O,O,X,O,X,X,X
LJISTOZ,X,X,X,O,X,X,X
LJISZTO,O,O,X,O,X,X,X
LJISZOT,O,O,X,O,X,X,O
LJISOTZ,X,X,X,O,X,X,X
LJISOZT,X,O,X,O,X,X,O
LJIZTSO,O,O,O,O,X,X,X
LJIZTOS,O,X,O,O,X,X,X
LJIZSTO,O,O,O,O,X,X,X
LJIZSOT,O,O,O,O,X,X,X
LJIZOTS,O,X,O,O,X,X,X
LJIZOST,O,X,O,O,X,X,X
LJIOTSZ,X,X,O,O,X,X,X
LJIOTZS,O,X,O,O,X,X,X
LJIOSTZ,X,X,X,O,X,X,X
LJIOSZT,X,X,X,O,X,X,X
LJIOZTS,O,X,O,O,X,X,X
LJIOZST,O,X,O,O,X,X,X
LJSTIZO,X,O,X,X,X,O,X
LJSTIOZ,X,X,X,X,X,X,X
LJSTZIO,O,O,X,O,X,O,X
LJSTZOI,O,O,X,O,X,O,X
LJSTOIZ,X,X,X,X,X,X,X
LJSTOZI,X,X,X,O,X,O,X
LJSITZO,X,O,X,O,X,O,X
LJSITOZ,X,X,X,O,X,X,X
LJSIZTO,X,O,X,O,X,X,X
LJSIZOT,X,O,X,O,X,X,O
LJSIOTZ,X,X,X,O,X,X,X
LJSIOZT,X,O,X,O,X,X,O
LJSZTIO,O,O,X,O,X,O,X
LJSZTOI,O,O,X,O,X,O,X
LJSZITO,O,O,X,O,X,X,X
LJSZIOT,X,O,X,O,X,X,X
LJSZOTI,O,O,X,O,X,X,X
LJSZOIT,X,O,X,O,X,X,X
LJSOTIZ,X,X,X,X,X,X,X
LJSOTZI,X,X,X,O,X,O,X
LJSOITZ,X,X,X,O,X,X,X
LJSOIZT,X,O,X,O,X,X,X
LJSOZTI,X,O,X,O,X,X,X
LJSOZIT,X,O,X,O,X,X,X
LJZTISO,O,X,O,O,X,X,X
LJZTIOS,X,X,O,O,O,X,X
LJZTSIO,O,O,O,O,X,X,X
LJZTSOI,O,O,O,O,O,X,X
LJZTOIS,O,X,O,O,O,X,X
LJZTOSI,O,X,O,O,O,X,X
LJZITSO,O,O,O,O,X,X,X
LJZITOS,O,X,O,O,X,X,X
LJZISTO,O,O,O,O,X,X,X
LJZISOT,O,O,O,O,X,X,X
LJZIOTS,O,X,O,O,X,X,X
LJZIOST,O,X,O,O,X,X,X
LJZSTIO,O,O,O,O,X,X,X
LJZSTOI,O,O,O,O,X,X,X
LJZSITO,O,O,X,O,X,X,X
LJZSIOT,X,O,X,O,X,X,X
LJZSOTI,O,O,O,O,X,X,X
LJZSOIT,O,O,X,O,X,X,X
LJZOTIS,O,X,O,O,O,X,X
LJZOTSI,O,X,O,O,O,X,X
LJZOITS,O,X,O,O,O,X,X
LJZOIST,O,X,O,O,X,X,X
LJZOSTI,O,X,O,O,X,X,X
LJZOSIT,O,X,X,O,X,X,X
LJOTISZ,X,X,X,O,X,X,X
LJOTIZS,O,X,O,O,X,X,X
LJOTSIZ,X,X,X,X,X,X,X
LJOTSZI,O,X,O,O,X,X,X
LJOTZIS,O,X,O,O,X,X,X
LJOTZSI,O,X,O,O,X,X,X
LJOITSZ,X,X,O,O,X,X,X
LJOITZS,O,X,O,O,X,X,X
LJOISTZ,X,X,X,O,X,X,X
LJOISZT,X,X,X,O,X,X,X
LJOIZTS,O,X,O,O,O,X,X
LJOIZST,O,X,O,O,X,X,X
LJOSTIZ,X,X,X,X,X,X,X
LJOSTZI,O,X,X,O,X,X,X
LJOSITZ,X,X,X,O,X,X,X
LJOSIZT,X,X,X,O,X,X,X
LJOSZTI,O,X,X,O,X,X,X
LJOSZIT,O,X,X,O,X,X,X
LJOZTIS,O,X,O,O,O,X,X
LJOZTSI,O,X,O,O,O,X,X
LJOZITS,O,X,O,O,O,X,X
LJOZIST,O,X,O,O,X,X,X
LJOZSTI,O,X,O,O,X,X,X
LJOZSIT,O,X,X,O,X,X,X
LSTIJZO,X,O,X,X,X,O,X
LSTIJOZ,X,X,X,X,X,X,X
LSTIZJO,X,O,X,X,X,X,X
LSTIZOJ,X,O,X,X,X,X,O
LSTIOJZ,X,O,X,X,X,X,X
LSTIOZJ,X,O,X,X,X,X,O
LSTJIZO,X,O,X,X,X,O,X
LSTJIOZ,X,X,X,X,X,X,X
LSTJZIO,X,O,X,O,X,O,X
LSTJZOI,X,O,X,O,X,O,X
LSTJOIZ,X,X,X,X,X,X,X
LSTJOZI,X,X,X,O,X,O,X
LSTZIJO,X,O,X,O,X,X,X
LSTZIOJ,X,O,X,X,X,X,X
LSTZJIO,X,O,X,O,X,O,X
LSTZJOI,X,O,X,O,X,O,X
LSTZOIJ,X,O,X,X,X,X,X
LSTZOJI,X,O,X,O,X,X,X
LSTOIJZ,X,X,X,X,X,X,X
LSTOIZJ,X,X,X,X,X,X,X
LSTOJIZ,X,X,X,X,X,X,X
LSTOJZI,X,O,X,X,X,O,X
LSTOZIJ,X,O,X,X,X,X,X
LSTOZJI,X,O,X,X,X,X,X
LSITJZO,X,O,X,O,X,O,X
LSITJOZ,X,X,X,O,X,X,X
LSITZJO,X,O,X,O,X,X,X
LSITZOJ,X,O,X,O,X,X,O
LSITOJZ,X,O,X,X,X,X,X
LSITOZJ,X,O,X,X,X,X,O
LSIJTZO,O,O,X,O,X,O,X
LSIJTOZ,X,X,X,O,X,X,X
LSIJZTO,O,O,X,O,X,X,X
LSIJZOT,O,O,X,O,X,X,O
LSIJOTZ,X,O,X,O,X,X,X
LSIJOZT,X,O,X,O,X,X,O
LSIZTJO,O,O,X,O,X,X,X
LSIZTOJ,O,O,X,O,X,X,O
LSIZJTO,O,O,X,O,X,X,X
LSIZJOT,O,O,X,O,X,X,O
LSIZOTJ,O,O,X,O,X,X,O
LSIZOJT,O,O,X,O,X,X,O
LSIOTJZ,X,O,X,X,X,X,X
LSIOTZJ,X,O,X,X,X,X,O
LSIOJTZ,X,O,X,O,X,X,X
LSIOJZT,X,O,X,O,X,X,O
LSIOZTJ,X,O,X,O,X,X,O
LSIOZJT,X,O,X,O,X,X,O
LSJTIZO,X,O,X,X,X,O,X
LSJTIOZ,X,X,X,X,X,X,X
LSJTZIO,O,O,X,O,X,O,X
LSJTZOI,O,O,X,O,X,O,X
LSJTOIZ,X,X,X,X,X,X,X
LSJTOZI,X,X,X,O,X,O,X
LSJITZO,X,O,X,O,X,O,X
LSJITOZ,X,X,X,O,X,X,X
LSJIZTO,X,O,X,O,X,X,X
LSJIZOT,X,O,X,O,X,X,O
LSJIOTZ,X,O,X,O,X,X,X
LSJIOZT,X,O,X,O,X,X,O
LSJZTIO,O,O,X,O,X,O,X
LSJZTOI,O,O,X,O,X,O,X
LSJZITO,O,O,X,O,X,X,X
LSJZIOT,X,O,X,O,X,X,X
LSJZOTI,O,O,X,O,X,X,X
LSJZOIT,X,O,X,O,X,X,X
LSJOTIZ,X,X,X,X,X,X,X
LSJOTZI,X,O,X,O,X,O,X
LSJOITZ,X,X,X,O,X,X,X
LSJOIZT,X,O,X,O,X,X,X
LSJOZTI,X,O,X,O,X,X,X
LSJOZIT,X,O,X,O,X,X,X
LSZTIJO,O,O,X,O,X,X,X
LSZTIOJ,O,O,X,X,X,X,X
LSZTJIO,O,O,X,O,X,O,X
LSZTJOI,O,O,X,O,X,O,X
LSZTOIJ,O,O,X,X,X,X,X
LSZTOJI,O,O,X,O,X,X,X
LSZITJO,O,O,X,O,X,X,X
LSZITOJ,O,O,X,O,X,X,O
LSZIJTO,O,O,X,O,X,X,X
LSZIJOT,O,O,X,O,X,X,O
LSZIOTJ,O,O,X,O,X,X,O
LSZIOJT,O,O,X,O,X,X,O
LSZJTIO,O,O,X,O,X,O,X
LSZJTOI,O,O,X,O,X,O,X
LSZJITO,O,O,X,O,X,X,X
LSZJIOT,X,O,X,O,X,X,X
LSZJOTI,O,O,X,O,X,X,X
LSZJOIT,X,O,X,O,X,X,X
LSZOTIJ,O,O,X,X,X,X,X
LSZOTJI,O,O,X,O,X,X,X
LSZOITJ,X,O,X,X,X,X,X
LSZOIJT,X,O,X,X,X,X,X
LSZOJTI,O,O,X,O,X,X,X
LSZOJIT,X,O,X,O,X,X,X
LSOTIJZ,X,X,X,X,X,X,X
LSOTIZJ,X,X,X,X,X,X,X
LSOTJIZ,X,X,X,X,X,X,X
LSOTJZI,X,O,X,X,X,O,X
LSOTZIJ,X,O,X,X,X,X,X
LSOTZJI,X,O,X,X,X,X,X
LSOITJZ,X,O,X,X,X,X,X
LSOITZJ,X,O,X,X,X,X,O
LSOIJTZ,X,O,X,X,X,X,X
LSOIJZT,X,O,X,X,X,X,O
LSOIZTJ,X,O,X,X,X,X,O
LSOIZJT,X,O,X,X,X,X,O
LSOJTIZ,X,X,X,X,X,X,X
LSOJTZI,X,O,X,O,X,O,X
LSOJITZ,X,X,X,X,X,X,X
LSOJIZT,X,O,X,O,X,X,X
LSOJZTI,X,O,X,O,X,X,X
LSOJZIT,X,O,X,O,X,X,X
LSOZTIJ,X,O,X,X,X,X,X
LSOZTJI,X,O,X,O,X,X,X
LSOZITJ,X,O,X,X,X,X,X
LSOZIJT,X,O,X,X,X,X,X
LSOZJTI,X,O,X,O,X,X,X
LSOZJIT,X,O,X,O,X,X,X
LZTIJSO,O,X,O,O,X,X,X
LZTIJOS,O,X,O,O,O,X,X
LZTISJO,O,X,O,O,X,X,X
LZTISOJ,O,X,X,O,X,X,X
LZTIOJS,X,X,X,X,O,X,X
LZTIOSJ,X,X,X,X,O,X,X
LZTJISO,O,X,O,O,X,X,X
LZTJIOS,X,X,O,O,O,X,X
LZTJSIO,O,O,O,O,X,X,X
LZTJSOI,O,O,O,O,O,X,X
LZTJOIS,X,X,O,O,O,X,X
LZTJOSI,O,X,O,O,O,X,X
LZTSIJO,O,O,O,O,X,X,X
LZTSIOJ,O,O,X,X,X,X,X
LZTSJIO,O,O,O,O,X,X,X
LZTSJOI,O,O,O,O,O,X,X
LZTSOIJ,O,O,X,X,O,X,X
LZTSOJI,O,O,O,O,O,X,X
LZTOIJS,X,X,X,X,O,X,X
LZTOISJ,X,X,X,X,O,X,X
LZTOJIS,X,X,O,X,O,X,X
LZTOJSI,X,O,O,X,O,X,X
LZTOSIJ,X,O,X,X,O,X,X
LZTOSJI,X,O,O,X,O,X,X
LZITJSO,O,O,O,O,X,X,X
LZITJOS,O,X,O,O,X,X,X
LZITSJO,O,O,O,O,X,X,X
LZITSOJ,O,O,O,O,X,X,X
LZITOJS,X,O,O,X,X,X,X
LZITOSJ,X,O,O,X,X,X,X
LZIJTSO,O,O,O,O,X,X,X
LZIJTOS,O,X,O,O,X,X,X
LZIJSTO,O,O,O,O,X,X,X
LZIJSOT,O,O,O,O,X,X,X
LZIJOTS,O,X,O,O,X,X,X
LZIJOST,O,X,O,O,X,X,X
LZISTJO,O,O,O,O,X,X,X
LZISTOJ,O,O,O,O,X,X,O
LZISJTO,O,O,O,O,X,X,X
LZISJOT,O,O,O,O,X,X,O
LZISOTJ,O,O,X,O,X,X,O
LZISOJT,O,O,X,O,X,X,O
LZIOTJS,O,O,X,X,X,X,X
LZIOTSJ,O,O,X,X,X,X,X
LZIOJTS,O,O,X,O,X,X,X
LZIOJST,O,O,X,O,X,X,X
LZIOSTJ,O,O,X,O,X,X,X
LZIOSJT,O,O,X,O,X,X,X
LZJTISO,O,X,O,O,X,X,X
LZJTIOS,X,X,O,O,O,X,X
LZJTSIO,O,O,O,O,X,X,X
LZJTSOI,O,O,O,O,O,X,X
LZJTOIS,O,X,O,O,O,X,X
LZJTOSI,O,X,O,O,O,X,X
LZJITSO,O,O,O,O,X,X,X
LZJITOS,O,X,O,O,X,X,X
LZJISTO,O,O,O,O,X,X,X
LZJISOT,O,O,O,O,X,X,X
LZJIOTS,O,X,O,O,X,X,X
LZJIOST,O,X,O,O,X,X,X
LZJSTIO,O,O,O,O,X,X,X
LZJSTOI,O,O,O,O,X,X,X
LZJSITO,O,O,X,O,X,X,X
LZJSIOT,X,O,X,O,X,X,X
LZJSOTI,O,O,O,O,X,X,X
LZJSOIT,O,O,X,O,X,X,X
LZJOTIS,O,X,O,O,O,X,X
LZJOTSI,O,X,O,O,O,X,X
LZJOITS,O,X,O,O,O,X,X
LZJOIST,O,X,O,O,X,X,X
LZJOSTI,O,X,O,O,X,X,X
LZJOSIT,O,X,X,O,X,X,X
LZSTIJO,O,O,O,O,X,X,X
LZSTIOJ,O,O,X,X,X,X,X
LZSTJIO,O,O,O,O,X,X,X
LZSTJOI,O,O,O,O,X,X,X
LZSTOIJ,O,O,X,X,X,X,X
LZSTOJI,O,O,O,O,X,X,X
LZSITJO,O,O,X,O,X,X,X
LZSITOJ,O,O,X,O,X,X,O
LZSIJTO,O,O,X,O,X,X,X
LZSIJOT,O,O,X,O,X,X,O
LZSIOTJ,O,O,X,O,X,X,O
LZSIOJT,O,O,X,O,X,X,O
LZSJTIO,O,O,O,O,X,X,X
LZSJTOI,O,O,O,O,X,X,X
LZSJITO,O,O,X,O,X,X,X
LZSJIOT,X,O,X,O,X,X,X
LZSJOTI,O,O,O,O,X,X,X
LZSJOIT,O,O,X,O,X,X,X
LZSOTIJ,O,O,X,X,X,X,X
LZSOTJI,O,O,X,O,X,X,X
LZSOITJ,O,O,X,X,X,X,X
LZSOIJT,O,O,X,X,X,X,X
LZSOJTI,O,O,X,O,X,X,X
LZSOJIT,O,O,X,O,X,X,X
LZOTIJS,O,X,X,X,O,X,X
LZOTISJ,O,X,X,X,O,X,X
LZOTJIS,O,X,X,X,O,X,X
LZOTJSI,O,O,X,X,O,X,X
LZOTSIJ,O,O,X,X,O,X,X
LZOTSJI,O,O,X,X,O,X,X
LZOITJS,O,X,X,X,O,X,X
LZOITSJ,O,X,X,X,O,X,X
LZOIJTS,O,X,X,O,O,X,X
LZOIJST,O,X,X,O,X,X,X
LZOISTJ,O,X,X,O,X,X,X
LZOISJT,O,X,X,O,X,X,X
LZOJTIS,O,X,X,O,O,X,X
LZOJTSI,O,O,X,O,O,X,X
LZOJITS,O,X,X,O,O,X,X
LZOJIST,O,X,X,O,X,X,X
LZOJSTI,O,O,X,O,X,X,X
LZOJSIT,O,O,X,O,X,X,X
LZOSTIJ,O,O,X,X,X,X,X
LZOSTJI,O,O,X,O,X,X,X
LZOSITJ,O,O,X,X,X,X,X
LZOSIJT,O,O,X,X,X,X,X
LZOSJTI,O,O,X,O,X,X,X
LZOSJIT,O,O,X,O,X,X,X
LOTIJSZ,O,X,X,X,X,X,X
LOTIJZS,O,X,X,X,X,X,X
LOTISJZ,X,X,X,X,X,X,X
LOTISZJ,X,X,X,X,X,X,X
LOTIZJS,O,X,X,X,X,X,X
LOTIZSJ,O,X,X,X,X,X,X
LOTJISZ,X,X,X,X,X,X,X
LOTJIZS,O,X,X,X,X,X,X
LOTJSIZ,X,X,X,X,X,X,X
LOTJSZI,O,X,X,X,X,X,X
LOTJZIS,O,X,X,X,X,X,X
LOTJZSI,O,X,X,X,X,X,X
LOTSIJZ,X,X,X,X,X,X,X
LOTSIZJ,X,X,X,X,X,X,X
LOTSJIZ,X,X,X,X,X,X,X
LOTSJZI,X,X,X,X,X,X,X
LOTSZIJ,X,X,X,X,X,X,X
LOTSZJI,X,X,X,X,X,X,X
LOTZIJS,O,X,X,X,X,X,X
LOTZISJ,O,X,X,X,X,X,X
LOTZJIS,O,X,X,X,X,X,X
LOTZJSI,O,X,X,X,X,X,X
LOTZSIJ,O,X,X,X,X,X,X
LOTZSJI,O,X,X,X,X,X,X
LOITJSZ,O,X,X,X,X,X,X
LOITJZS,O,X,X,X,X,X,X
LOITSJZ,X,X,X,X,X,X,X
LOITSZJ,X,X,X,X,X,X,X
LOITZJS,O,X,X,X,X,X,X
LOITZSJ,O,X,X,X,X,X,X
LOIJTSZ,O,X,X,O,X,X,X
LOIJTZS,O,X,X,O,X,X,X
LOIJSTZ,O,X,X,O,X,X,X
LOIJSZT,O,X,X,O,X,X,X
LOIJZTS,O,X,X,O,O,X,X
LOIJZST,O,X,X,O,X,X,X
LOISTJZ,X,X,X,X,X,X,X
LOISTZJ,X,X,X,X,X,X,O
LOISJTZ,O,X,X,O,X,X,X
LOISJZT,O,X,X,O,X,X,O
LOISZTJ,O,X,X,O,X,X,O
LOISZJT,O,X,X,O,X,X,O
LOIZTJS,O,X,X,X,O,X,X
LOIZTSJ,O,X,X,X,O,X,X
LOIZJTS,O,X,X,O,O,X,X
LOIZJST,O,X,X,O,X,X,X
LOIZSTJ,O,X,X,O,X,X,X
LOIZSJT,O,X,X,O,X,X,X
LOJTISZ,X,X,X,O,X,X,X
LOJTIZS,O,X,X,O,X,X,X
LOJTSIZ,X,X,X,X,X,X,X
LOJTSZI,O,X,X,O,X,X,X
LOJTZIS,O,X,X,O,X,X,X
LOJTZSI,O,X,X,O,X,X,X
LOJITSZ,O,X,X,O,X,X,X
LOJITZS,O,X,X,O,X,X,X
LOJISTZ,O,X,X,O,X,X,X
LOJISZT,O,X,X,O,X,X,X
LOJIZTS,O,X,X,O,O,X,X
LOJIZST,O,X,X,O,X,X,X
LOJSTIZ,X,X,X,X,X,X,X
LOJSTZI,O,O,X,O,X,X,X
LOJSITZ,X,X,X,O,X,X,X
LOJSIZT,X,O,X,O,X,X,X
LOJSZTI,O,O,X,O,X,X,X
LOJSZIT,O,O,X,O,X,X,X
LOJZTIS,O,X,X,O,O,X,X
LOJZTSI,O,O,X,O,O,X,X
LOJZITS,O,X,X,O,O,X,X
LOJZIST,O,X,X,O,X,X,X
LOJZSTI,O,O,X,O,X,X,X
LOJZSIT,O,O,X,O,X,X,X
LOSTIJZ,X,X,X,X,X,X,X
LOSTIZJ,X,X,X,X,X,X,X
LOSTJIZ,X,X,X,X,X,X,X
LOSTJZI,X,O,X,X,X,X,X
LOSTZIJ,X,O,X,X,X,X,X
LOSTZJI,X,O,X,X,X,X,X
LOSITJZ,X,X,X,X,X,X,X
LOSITZJ,X,X,X,X,X,X,O
LOSIJTZ,O,X,X,X,X,X,X
LOSIJZT,O,O,X,X,X,X,O
LOSIZTJ,O,O,X,X,X,X,O
LOSIZJT,O,O,X,X,X,X,O
LOSJTIZ,X,X,X,X,X,X,X
LOSJTZI,O,O,X,O,X,X,X
LOSJITZ,X,X,X,X,X,X,X
LOSJIZT,X,O,X,O,X,X,X
LOSJZTI,O,O,X,O,X,X,X
LOSJZIT,O,O,X,O,X,X,X
LOSZTIJ,O,O,X,X,X,X,X
LOSZTJI,O,O,X,O,X,X,X
LOSZITJ,O,O,X,X,X,X,X
LOSZIJT,O,O,X,X,X,X,X
LOSZJTI,O,O,X,O,X,X,X
LOSZJIT,O,O,X,O,X,X,X
LOZTIJS,O,X,X,X,O,X,X
LOZTISJ,O,X,X,X,O,X,X
LOZTJIS,O,X,X,X,O,X,X
LOZTJSI,O,O,X,X,O,X,X
LOZTSIJ,O,O,X,X,O,X,X
LOZTSJI,O,O,X,X,O,X,X
LOZITJS,O,X,X,X,O,X,X
LOZITSJ,O,X,X,X,O,X,X
LOZIJTS,O,X,X,O,O,X,X
LOZIJST,O,X,X,O,X,X,X
LOZISTJ,O,X,X,O,X,X,X
LOZISJT,O,X,X,O,X,X,X
LOZJTIS,O,X,X,O,O,X,X
LOZJTSI,O,O,X,O,O,X,X
LOZJITS,O,X,X,O,O,X,X
LOZJIST,O,X,X,O,X,X,X
LOZJSTI,O,O,X,O,X,X,X
LOZJSIT,O,O,X,O,X,X,X
LOZSTIJ,O,O,X,X,X,X,X
LOZSTJI,O,O,X,O,X,X,X
LOZSITJ,O,O,X,X,X,X,X
LOZSIJT,O,O,X,X,X,X,X
LOZSJTI,O,O,X,O,X,X,X
LOZSJIT,O,O,X,O,X,X,X
JTILSZO,X,X,O,O,X,X,X
JTILSOZ,X,X,O,O,X,X,X
JTILZSO,O,X,O,O,X,X,X
JTILZOS,X,X,O,O,X,X,X
JTILOSZ,X,X,O,O,X,X,X
JTILOZS,X,X,O,O,X,X,X
JTISLZO,X,O,O,X,X,O,X
JTISLOZ,X,X,O,X,X,X,X
JTISZLO,X,O,O,X,X,X,X
JTISZOL,X,O,O,X,X,X,X
JTISOLZ,X,X,O,X,X,X,X
JTISOZL,X,X,O,X,X,X,X
JTIZLSO,O,O,O,O,X,X,X
JTIZLOS,X,X,O,O,X,X,X
JTIZSLO,O,O,O,X,X,X,X
JTIZSOL,O,O,O,X,X,X,X
JTIZOLS,O,X,O,O,X,X,X
JTIZOSL,O,O,O,X,X,X,X
JTIOLSZ,X,X,O,O,X,X,X
JTIOLZS,O,X,O,O,X,X,X
JTIOSLZ,X,X,O,X,X,X,X
JTIOSZL,X,X,O,X,X,X,X
JTIOZLS,O,X,O,O,X,X,X
JTIOZSL,O,X,O,X,X,X,X
JTLISZO,X,X,X,O,X,X,X
JTLISOZ,X,X,X,O,X,X,X
JTLIZSO,O,X,O,O,X,X,X
JTLIZOS,X,X,O,O,X,X,X
JTLIOSZ,X,X,X,O,X,X,X
JTLIOZS,X,X,O,O,X,X,X
JTLSIZO,X,X,X,X,X,O,X
JTLSIOZ,X,X,X,X,X,X,X
JTLSZIO,O,X,O,O,X,O,X
JTLSZOI,O,X,O,O,X,O,X
JTLSOIZ,X,X,X,X,X,X,X
JTLSOZI,X,X,O,O,X,O,X
JTLZISO,O,X,O,O,X,X,X
JTLZIOS,X,X,O,O,X,X,X
JTLZSIO,O,X,O,O,X,X,X
JTLZSOI,O,X,O,O,X,X,X
JTLZOIS,O,X,O,O,X,X,X
JTLZOSI,O,X,O,O,X,X,X
JTLOISZ,X,X,X,O,X,X,X
JTLOIZS,O,X,O,O,X,X,X
JTLOSIZ,X,X,X,X,X,X,X
JTLOSZI,O,X,O,O,X,X,X
JTLOZIS,O,X,O,O,X,X,X
JTLOZSI,O,X,O,O,X,X,X
JTSILZO,X,O,X,X,X,O,X
JTSILOZ,X,X,X,X,X,X,X
JTSIZLO,X,O,X,X,X,X,X
JTSIZOL,X,O,X,X,X,X,X
JTSIOLZ,X,X,X,X,X,X,X
JTSIOZL,X,X,X,X,X,X,X
JTSLIZO,X,O,X,X,X,O,X
JTSLIOZ,X,X,X,X,X,X,X
JTSLZIO,O,O,O,X,X,O,X
JTSLZOI,O,O,O,X,X,O,X
JTSLOIZ,X,X,X,X,X,X,X
JTSLOZI,X,X,O,X,X,O,X
JTSZILO,O,O,O,X,X,X,X
JTSZIOL,O,O,O,X,X,X,X
JTSZLIO,O,O,O,X,X,O,X
JTSZLOI,O,O,O,X,X,O,X
JTSZOIL,O,X,O,X,X,X,X
JTSZOLI,O,O,O,X,X,X,X
JTSOILZ,X,X,X,X,X,X,X
JTSOIZL,X,X,X,X,X,X,X
JTSOLIZ,X,X,X,X,X,X,X
JTSOLZI,O,X,O,X,X,O,X
JTSOZIL,O,X,O,X,X,X,X
JTSOZLI,O,X,O,X,X,X,X
JTZILSO,O,O,O,O,X,X,X
JTZILOS,X,X,O,O,O,X,X
JTZISLO,O,O,O,X,X,X,X
JTZISOL,O,O,O,X,X,X,X
JTZIOLS,O,X,O,O,O,X,X
JTZIOSL,O,O,O,X,O,X,X
JTZLISO,O,X,O,O,X,X,X
JTZLIOS,X,X,O,O,O,X,X
JTZLSIO,O,O,O,O,X,X,X
JTZLSOI,O,O,O,O,O,X,X
JTZLOIS,O,X,O,O,O,X,X
JTZLOSI,O,X,O,O,O,X,X
JTZSILO,O,O,O,X,X,X,X
JTZSIOL,O,O,O,X,X,X,X
JTZSLIO,O,O,O,X,X,O,X
JTZSLOI,O,O,O,X,O,O,X
JTZSOIL,O,X,O,X,O,X,X
JTZSOLI,O,O,O,X,O,X,X
JTZOILS,O,X,O,O,O,X,X
JTZOISL,O,X,O,X,O,X,X
JTZOLIS,O,X,O,O,O,X,X
JTZOLSI,O,X,O,O,O,X,X
JTZOSIL,O,X,O,X,O,X,X
JTZOSLI,O,O,O,X,O,X,X
JTOILSZ,X,X,O,O,X,X,X
JTOILZS,O,X,O,O,X,X,X
JTOISLZ,X,X,O,X,X,X,X
JTOISZL,X,X,O,X,X,X,X
JTOIZLS,O,X,O,O,O,X,X
JTOIZSL,O,X,O,X,O,X,X
JTOLISZ,X,X,X,O,X,X,X
JTOLIZS,O,X,O,O,X,X,X
JTOLSIZ,X,X,X,X,X,X,X
JTOLSZI,O,X,O,O,X,X,X
JTOLZIS,O,X,O,O,X,X,X
JTOLZSI,O,X,O,O,X,X,X
JTOSILZ,X,X,X,X,X,X,X
JTOSIZL,X,X,X,X,X,X,X
JTOSLIZ,X,X,X,X,X,X,X
JTOSLZI,O,X,O,X,X,O,X
JTOSZIL,O,X,O,X,X,X,X
JTOSZLI,O,X,O,X,X,X,X
JTOZILS,O,X,O,O,O,X,X
JTOZISL,O,X,O,X,O,X,X
JTOZLIS,O,X,O,O,O,X,X
JTOZLSI,O,X,O,O,O,X,X
JTOZSIL,O,X,O,X,O,X,X
JTOZSLI,O,X,O,X,O,X,X
JITLSZO,O,X,O,O,X,X,X
JITLSOZ,X,X,O,O,X,X,X
JITLZSO,O,X,O,O,X,X,X
JITLZOS,O,X,O,O,X,X,X
JITLOSZ,O,X,O,O,X,X,X
JITLOZS,O,X,O,O,X,X,X
JITSLZO,O,O,O,X,X,O,X
JITSLOZ,X,X,O,X,X,X,X
JITSZLO,O,O,O,X,X,X,X
JITSZOL,O,O,O,X,X,X,X
JITSOLZ,O,X,O,X,X,X,X
JITSOZL,O,X,O,X,X,X,X
JITZLSO,O,O,O,O,X,X,X
JITZLOS,O,X,O,O,X,X,X
JITZSLO,O,O,O,X,X,X,X
JITZSOL,O,O,O,X,X,X,X
JITZOLS,O,X,O,O,X,X,X
JITZOSL,O,O,O,X,X,X,X
JITOLSZ,O,X,O,O,X,X,X
JITOLZS,O,X,O,O,X,X,X
JITOSLZ,O,X,O,X,X,X,X
JITOSZL,O,X,O,X,X,X,X
JITOZLS,O,X,O,O,X,X,X
JITOZSL,O,X,O,X,X,X,X
JILTSZO,O,X,O,O,X,X,X
JILTSOZ,X,X,O,O,X,X,X
JILTZSO,O,X,O,O,X,X,X
JILTZOS,O,X,O,O,X,X,X
JILTOSZ,O,X,O,O,X,X,X
JILTOZS,O,X,O,O,X,X,X
JILSTZO,O,O,X,O,X,X,X
JILSTOZ,X,X,X,O,X,X,X
JILSZTO,O,O,X,O,X,X,X
JILSZOT,O,O,X,O,X,X,O
JILSOTZ,X,X,X,O,X,X,X
JILSOZT,X,O,X,O,X,X,O
JILZTSO,O,O,O,O,X,X,X
JILZTOS,O,X,O,O,X,X,X
JILZSTO,O,O,O,O,X,X,X
JILZSOT,O,O,O,O,X,X,X
JILZOTS,O,X,O,O,X,X,X
JILZOST,O,X,O,O,X,X,X
JILOTSZ,O,X,O,O,X,X,X
JILOTZS,O,X,O,O,X,X,X
JILOSTZ,O,X,X,O,X,X,X
JILOSZT,O,X,X,O,X,X,X
JILOZTS,O,X,O,O,X,X,X
JILOZST,O,X,O,O,X,X,X
JISTLZO,O,O,O,X,X,O,X
JISTLOZ,X,X,O,X,X,X,X
JISTZLO,O,O,O,X,X,X,X
JISTZOL,O,O,O,X,X,X,X
JISTOLZ,O,X,O,X,X,X,X
JISTOZL,O,X,O,X,X,X,X
JISLTZO,O,O,X,O,X,O,X
JISLTOZ,X,X,X,O,X,X,X
JISLZTO,O,O,X,O,X,X,X
JISLZOT,O,O,X,O,X,X,O
JISLOTZ,X,O,X,O,X,X,X
JISLOZT,X,O,X,O,X,X,O
JISZTLO,O,O,O,X,X,X,X
JISZTOL,O,O,O,X,X,X,X
JISZLTO,O,O,O,O,X,X,X
JISZLOT,O,O,O,O,X,X,X
JISZOTL,O,O,O,X,X,X,X
JISZOLT,O,O,O,O,X,X,X
JISOTLZ,O,O,O,X,X,X,X
JISOTZL,O,O,O,X,X,X,X
JISOLTZ,O,O,X,O,X,X,X
JISOLZT,O,O,X,O,X,X,X
JISOZTL,O,O,O,X,X,X,X
JISOZLT,O,O,O,O,X,X,X
JIZTLSO,O,O,O,O,X,X,X
JIZTLOS,O,X,O,O,O,X,X
JIZTSLO,O,O,O,X,X,X,X
JIZTSOL,O,O,O,X,X,X,X
JIZTOLS,O,O,O,O,O,X,X
JIZTOSL,O,O,O,X,O,X,X
JIZLTSO,O,O,O,O,X,X,X
JIZLTOS,O,X,O,O,X,X,X
JIZLSTO,O,O,O,O,X,X,X
JIZLSOT,O,O,O,O,X,X,X
JIZLOTS,O,X,O,O,X,X,X
JIZLOST,O,X,O,O,X,X,X
JIZSTLO,O,O,O,X,X,X,X
JIZSTOL,O,O,O,X,X,X,X
JIZSLTO,O,O,O,O,X,X,X
JIZSLOT,O,O,O,O,X,X,X
JIZSOTL,O,O,O,X,X,X,X
JIZSOLT,O,O,O,O,X,X,X
JIZOTLS,O,O,O,O,O,X,X
JIZOTSL,O,O,O,X,O,X,X
JIZOLTS,O,O,O,O,O,X,X
JIZOLST,O,O,O,O,X,X,X
JIZOSTL,O,O,O,X,O,X,X
JIZOSLT,O,O,O,O,X,X,X
JIOTLSZ,O,X,O,O,X,X,X
JIOTLZS,O,X,O,O,X,X,X
JIOTSLZ,O,O,O,X,X,X,X
JIOTSZL,O,O,O,X,X,X,X
JIOTZLS,O,O,O,O,O,X,X
JIOTZSL,O,O,O,X,O,X,X
JIOLTSZ,O,X,O,O,X,X,X
JIOLTZS,O,X,O,O,X,X,X
JIOLSTZ,O,O,X,O,X,X,X
JIOLSZT,O,O,X,O,X,X,X
JIOLZTS,O,O,O,O,O,X,X
JIOLZST,O,O,O,O,X,X,X
JIOSTLZ,O,O,O,X,X,X,X
JIOSTZL,O,O,O,X,X,X,X
JIOSLTZ,O,O,X,O,X,X,X
JIOSLZT,O,O,X,O,X,X,X
JIOSZTL,O,O,O,X,O,X,X
JIOSZLT,O,O,O,O,X,X,X
JIOZTLS,O,O,O,O,O,X,X
JIOZTSL,O,O,O,X,O,X,X
JIOZLTS,O,O,O,O,O,X,X
JIOZLST,O,O,O,O,X,X,X
JIOZSTL,O,O,O,X,O,X,X
JIOZSLT,O,O,O,O,X,X,X
JLTISZO,X,X,X,O,X,X,X
JLTISOZ,X,X,X,O,X,X,X
JLTIZSO,O,X,O,O,X,X,X
JLTIZOS,X,X,O,O,X,X,X
JLTIOSZ,X,X,X,O,X,X,X
JLTIOZS,X,X,O,O,X,X,X
JLTSIZO,X,X,X,X,X,O,X
JLTSIOZ,X,X,X,X,X,X,X
JLTSZIO,O,X,O,O,X,O,X
JLTSZOI,O,X,O,O,X,O,X
JLTSOIZ,X,X,X,X,X,X,X
JLTSOZI,X,X,O,O,X,O,X
JLTZISO,O,X,O,O,X,X,X
JLTZIOS,X,X,O,O,X,X,X
JLTZSIO,O,X,O,O,X,X,X
JLTZSOI,O,X,O,O,X,X,X
JLTZOIS,O,X,O,O,X,X,X
JLTZOSI,O,X,O,O,X,X,X
JLTOISZ,X,X,X,O,X,X,X
JLTOIZS,O,X,O,O,X,X,X
JLTOSIZ,X,X,X,X,X,X,X
JLTOSZI,O,X,O,O,X,X,X
JLTOZIS,O,X,O,O,X,X,X
JLTOZSI,O,X,O,O,X,X,X
JLITSZO,O,X,O,O,X,X,X
JLITSOZ,X,X,O,O,X,X,X
JLITZSO,O,X,O,O,X,X,X
JLITZOS,O,X,O,O,X,X,X
JLITOSZ,X,X,O,O,X,X,X
JLITOZS,O,X,O,O,X,X,X
JLISTZO,O,O,X,O,X,X,X
JLISTOZ,X,X,X,O,X,X,X
JLISZTO,O,O,X,O,X,X,X
JLISZOT,O,O,X,O,X,X,O
JLISOTZ,X,X,X,O,X,X,X
JLISOZT,X,O,X,O,X,X,O
JLIZTSO,O,O,O,O,X,X,X
JLIZTOS,O,X,O,O,X,X,X
JLIZSTO,O,O,O,O,X,X,X
JLIZSOT,O,O,O,O,X,X,X
JLIZOTS,O,X,O,O,X,X,X
JLIZOST,O,X,O,O,X,X,X
JLIOTSZ,X,X,O,O,X,X,X
JLIOTZS,O,X,O,O,X,X,X
JLIOSTZ,X,X,X,O,X,X,X
JLIOSZT,X,X,X,O,X,X,X
JLIOZTS,O,X,O,O,X,X,X
JLIOZST,O,X,O,O,X,X,X
JLSTIZO,X,O,X,X,X,O,X
JLSTIOZ,X,X,X,X,X,X,X
JLSTZIO,O,O,X,O,X,O,X
JLSTZOI,O,O,X,O,X,O,X
JLSTOIZ,X,X,X,X,X,X,X
JLSTOZI,X,X,X,O,X,O,X
JLSITZO,X,O,X,O,X,O,X
JLSITOZ,X,X,X,O,X,X,X
JLSIZTO,X,O,X,O,X,X,X
JLSIZOT,X,O,X,O,X,X,O
JLSIOTZ,X,X,X,O,X,X,X
JLSIOZT,X,O,X,O,X,X,O
JLSZTIO,O,O,X,O,X,O,X
JLSZTOI,O,O,X,O,X,O,X
JLSZITO,O,O,X,O,X,X,X
JLSZIOT,X,O,X,O,X,X,X
JLSZOTI,O,O,X,O,X,X,X
JLSZOIT,X,O,X,O,X,X,X
JLSOTIZ,X,X,X,X,X,X,X
JLSOTZI,X,X,X,O,X,O,X
JLSOITZ,X,X,X,O,X,X,X
JLSOIZT,X,O,X,O,X,X,X
JLSOZTI,X,O,X,O,X,X,X
JLSOZIT,X,O,X,O,X,X,X
JLZTISO,O,X,O,O,X,X,X
JLZTIOS,X,X,O,O,O,X,X
JLZTSIO,O,O,O,O,X,X,X
JLZTSOI,O,O,O,O,O,X,X
JLZTOIS,O,X,O,O,O,X,X
JLZTOSI,O,X,O,O,O,X,X
JLZITSO,O,O,O,O,X,X,X
JLZITOS,O,X,O,O,X,X,X
JLZISTO,O,O,O,O,X,X,X
JLZISOT,O,O,O,O,X,X,X
JLZIOTS,O,X,O,O,X,X,X
JLZIOST,O,X,O,O,X,X,X
JLZSTIO,O,O,O,O,X,X,X
JLZSTOI,O,O,O,O,X,X,X
JLZSITO,O,O,X,O,X,X,X
JLZSIOT,X,O,X,O,X,X,X
JLZSOTI,O,O,O,O,X,X,X
JLZSOIT,O,O,X,O,X,X,X
JLZOTIS,O,X,O,O,O,X,X
JLZOTSI,O,X,O,O,O,X,X
JLZOITS,O,X,O,O,O,X,X
JLZOIST,O,X,O,O,X,X,X
JLZOSTI,O,X,O,O,X,X,X
JLZOSIT,O,X,X,O,X,X,X
JLOTISZ,X,X,X,O,X,X,X
JLOTIZS,O,X,O,O,X,X,X
JLOTSIZ,X,X,X,X,X,X,X
JLOTSZI,O,X,O,O,X,X,X
JLOTZIS,O,X,O,O,X,X,X
JLOTZSI,O,X,O,O,X,X,X
JLOITSZ,X,X,O,O,X,X,X
JLOITZS,O,X,O,O,X,X,X
JLOISTZ,X,X,X,O,X,X,X
JLOISZT,X,X,X,O,X,X,X
JLOIZTS,O,X,O,O,O,X,X
JLOIZST,O,X,O,O,X,X,X
JLOSTIZ,X,X,X,X,X,X,X
JLOSTZI,O,X,X,O,X,X,X
JLOSITZ,X,X,X,O,X,X,X
JLOSIZT,X,X,X,O,X,X,X
JLOSZTI,O,X,X,O,X,X,X
JLOSZIT,O,X,X,O,X,X,X
JLOZTIS,O,X,O,O,O,X,X
JLOZTSI,O,X,O,O,O,X,X
JLOZITS,O,X,O,O,O,X,X
JLOZIST,O,X,O,O,X,X,X
JLOZSTI,O,X,O,O,X,X,X
JLOZSIT,O,X,X,O,X,X,X
JSTILZO,X,O,X,X,X,O,X
JSTILOZ,X,X,X,X,X,X,X
JSTIZLO,X,O,X,X,X,X,X
JSTIZOL,X,O,X,X,X,X,X
JSTIOLZ,X,X,X,X,X,X,X
JSTIOZL,X,X,X,X,X,X,X
JSTLIZO,X,O,X,X,X,O,X
JSTLIOZ,X,X,X,X,X,X,X
JSTLZIO,O,O,O,X,X,O,X
JSTLZOI,O,O,O,X,X,O,X
JSTLOIZ,X,X,X,X,X,X,X
JSTLOZI,X,X,O,X,X,O,X
JSTZILO,O,O,O,X,X,X,X
JSTZIOL,O,O,O,X,X,X,X
JSTZLIO,O,O,O,X,X,O,X
JSTZLOI,O,O,O,X,X,O,X
JSTZOIL,O,X,O,X,X,X,X
JSTZOLI,O,O,O,X,X,X,X
JSTOILZ,X,X,X,X,X,X,X
JSTOIZL,X,X,X,X,X,X,X
JSTOLIZ,X,X,X,X,X,X,X
JSTOLZI,O,X,O,X,X,O,X
JSTOZIL,O,X,O,X,X,X,X
JSTOZLI,O,X,O,X,X,X,X
JSITLZO,X,O,O,X,X,O,X
JSITLOZ,X,X,O,X,X,X,X
JSITZLO,X,O,O,X,X,X,X
JSITZOL,X,O,O,X,X,X,X
JSITOLZ,X,X,O,X,X,X,X
JSITOZL,X,X,O,X,X,X,X
JSILTZO,X,O,X,O,X,O,X
JSILTOZ,X,X,X,O,X,X,X
JSILZTO,X,O,X,O,X,X,X
JSILZOT,X,O,X,O,X,X,O
JSILOTZ,X,O,X,O,X,X,X
JSILOZT,X,O,X,O,X,X,O
JSIZTLO,X,O,O,X,X,X,X
JSIZTOL,X,O,O,X,X,X,X
JSIZLTO,X,O,O,O,X,X,X
JSIZLOT,X,O,O,O,X,X,X
JSIZOTL,X,O,O,X,X,X,X
JSIZOLT,X,O,O,O,X,X,X
JSIOTLZ,X,O,O,X,X,X,X
JSIOTZL,X,O,O,X,X,X,X
JSIOLTZ,X,O,X,O,X,X,X
JSIOLZT,X,O,X,O,X,X,X
JSIOZTL,X,O,O,X,X,X,X
JSIOZLT,X,O,O,O,X,X,X
JSLTIZO,X,O,X,X,X,O,X
JSLTIOZ,X,X,X,X,X,X,X
JSLTZIO,O,O,X,O,X,O,X
JSLTZOI,O,O,X,O,X,O,X
JSLTOIZ,X,X,X,X,X,X,X
JSLTOZI,X,X,X,O,X,O,X
JSLITZO,X,O,X,O,X,O,X
JSLITOZ,X,X,X,O,X,X,X
JSLIZTO,X,O,X,O,X,X,X
JSLIZOT,X,O,X,O,X,X,O
JSLIOTZ,X,O,X,O,X,X,X
JSLIOZT,X,O,X,O,X,X,O
JSLZTIO,O,O,X,O,X,O,X
JSLZTOI,O,O,X,O,X,O,X
JSLZITO,O,O,X,O,X,X,X
JSLZIOT,X,O,X,O,X,X,X
JSLZOTI,O,O,X,O,X,X,X
JSLZOIT,X,O,X,O,X,X,X
JSLOTIZ,X,X,X,X,X,X,X
JSLOTZI,X,O,X,O,X,O,X
JSLOITZ,X,X,X,O,X,X,X
JSLOIZT,X,O,X,O,X,X,X
JSLOZTI,X,O,X,O,X,X,X
JSLOZIT,X,O,X,O,X,X,X
JSZTILO,O,O,O,X,X,X,X
JSZTIOL,O,O,O,X,X,X,X
JSZTLIO,O,O,O,X,X,O,X
JSZTLOI,O,O,O,X,O,O,X
JSZTOIL,O,O,O,X,O,X,X
JSZTOLI,O,O,O,X,O,X,X
JSZITLO,O,O,O,X,X,X,X
JSZITOL,O,O,O,X,X,X,X
JSZILTO,O,O,O,O,X,X,X
JSZILOT,X,O,O,O,X,X,X
JSZIOTL,O,O,O,X,X,X,X
JSZIOLT,O,O,O,O,X,X,X
JSZLTIO,O,O,O,O,X,O,X
JSZLTOI,O,O,O,O,X,O,X
JSZLITO,O,O,X,O,X,X,X
JSZLIOT,X,O,X,O,X,X,X
JSZLOTI,O,O,O,O,X,X,X
JSZLOIT,O,O,X,O,X,X,X
JSZOTIL,O,O,O,X,O,X,X
JSZOTLI,O,O,O,X,O,X,X
JSZOITL,O,O,O,X,O,X,X
JSZOILT,O,O,O,O,X,X,X
JSZOLTI,O,O,O,O,X,X,X
JSZOLIT,O,O,X,O,X,X,X
JSOTILZ,X,X,X,X,X,X,X
JSOTIZL,X,X,X,X,X,X,X
JSOTLIZ,X,X,X,X,X,X,X
JSOTLZI,O,O,O,X,X,O,X
JSOTZIL,O,O,O,X,X,X,X
JSOTZLI,O,O,O,X,X,X,X
JSOITLZ,X,X,O,X,X,X,X
JSOITZL,X,X,O,X,X,X,X
JSOILTZ,X,X,X,O,X,X,X
JSOILZT,X,O,X,O,X,X,X
JSOIZTL,X,O,O,X,O,X,X
JSOIZLT,X,O,O,O,X,X,X
JSOLTIZ,X,X,X,X,X,X,X
JSOLTZI,O,O,X,O,X,O,X
JSOLITZ,X,X,X,O,X,X,X
JSOLIZT,X,O,X,O,X,X,X
JSOLZTI,O,O,X,O,X,X,X
JSOLZIT,O,O,X,O,X,X,X
JSOZTIL,O,O,O,X,O,X,X
JSOZTLI,O,O,O,X,O,X,X
JSOZITL,O,O,O,X,O,X,X
JSOZILT,O,O,O,O,X,X,X
JSOZLTI,O,O,O,O,X,X,X
JSOZLIT,O,O,X,O,X,X,X
JZTILSO,O,O,O,O,X,X,X
JZTILOS,X,X,O,O,O,X,X
JZTISLO,O,O,O,X,X,X,X
JZTISOL,O,O,O,X,X,X,X
JZTIOLS,O,X,O,O,O,X,X
JZTIOSL,O,O,O,X,O,X,X
JZTLISO,O,X,O,O,X,X,X
JZTLIOS,X,X,O,O,O,X,X
JZTLSIO,O,O,O,O,X,X,X
JZTLSOI,O,O,O,O,O,X,X
JZTLOIS,O,X,O,O,O,X,X
JZTLOSI,O,X,O,O,O,X,X
JZTSILO,O,O,O,X,X,X,X
JZTSIOL,O,O,O,X,X,X,X
JZTSLIO,O,O,O,X,X,O,X
JZTSLOI,O,O,O,X,O,O,X
JZTSOIL,O,O,O,X,O,X,X
JZTSOLI,O,O,O,X,O,X,X
JZTOILS,O,X,O,O,O,X,X
JZTOISL,O,O,O,X,O,X,X
JZTOLIS,O,X,O,O,O,X,X
JZTOLSI,O,O,O,O,O,X,X
JZTOSIL,O,O,O,X,O,X,X
JZTOSLI,O,O,O,X,O,X,X
JZITLSO,O,O,O,O,X,X,X
JZITLOS,O,X,O,O,O,X,X
JZITSLO,O,O,O,X,X,X,X
JZITSOL,O,O,O,X,X,X,X
JZITOLS,O,O,O,O,O,X,X
JZITOSL,O,O,O,X,O,X,X
JZILTSO,O,O,O,O,X,X,X
JZILTOS,O,X,O,O,X,X,X
JZILSTO,O,O,O,O,X,X,X
JZILSOT,O,O,O,O,X,X,X
JZILOTS,O,X,O,O,X,X,X
JZILOST,O,X,O,O,X,X,X
JZISTLO,O,O,O,X,X,X,X
JZISTOL,O,O,O,X,X,X,X
JZISLTO,O,O,O,O,X,X,X
JZISLOT,O,O,O,O,X,X,X
JZISOTL,O,O,O,X,X,X,X
JZISOLT,O,O,O,O,X,X,X
JZIOTLS,O,O,O,O,O,X,X
JZIOTSL,O,O,O,X,O,X,X
JZIOLTS,O,O,O,O,O,X,X
JZIOLST,O,O,O,O,X,X,X
JZIOSTL,O,O,O,X,O,X,X
JZIOSLT,O,O,O,O,X,X,X
JZLTISO,O,X,O,O,X,X,X
JZLTIOS,X,X,O,O,O,X,X
JZLTSIO,O,O,O,O,X,X,X
JZLTSOI,O,O,O,O,O,X,X
JZLTOIS,O,X,O,O,O,X,X
JZLTOSI,O,X,O,O,O,X,X
JZLITSO,O,O,O,O,X,X,X
JZLITOS,O,X,O,O,X,X,X
JZLISTO,O,O,O,O,X,X,X
JZLISOT,O,O,O,O,X,X,X
JZLIOTS,O,X,O,O,X,X,X
JZLIOST,O,X,O,O,X,X,X
JZLSTIO,O,O,O,O,X,X,X
JZLSTOI,O,O,O,O,X,X,X
JZLSITO,O,O,X,O,X,X,X
JZLSIOT,X,O,X,O,X,X,X
JZLSOTI,O,O,O,O,X,X,X
JZLSOIT,O,O,X,O,X,X,X
JZLOTIS,O,X,O,O,O,X,X
JZLOTSI,O,X,O,O,O,X,X
JZLOITS,O,X,O,O,O,X,X
JZLOIST,O,X,O,O,X,X,X
JZLOSTI,O,X,O,O,X,X,X
JZLOSIT,O,X,X,O,X,X,X
JZSTILO,O,O,O,X,X,X,X
JZSTIOL,O,O,O,X,X,X,X
JZSTLIO,O,O,O,X,X,O,X
JZSTLOI,O,O,O,X,O,O,X
JZSTOIL,O,O,O,X,O,X,X
JZSTOLI,O,O,O,X,O,X,X
JZSITLO,O,O,O,X,X,X,X
JZSITOL,O,O,O,X,X,X,X
JZSILTO,O,O,O,O,X,X,X
JZSILOT,X,O,O,O,X,X,X
JZSIOTL,O,O,O,X,X,X,X
JZSIOLT,O,O,O,O,X,X,X
JZSLTIO,O,O,O,O,X,O,X
JZSLTOI,O,O,O,O,X,O,X
JZSLITO,O,O,X,O,X,X,X
JZSLIOT,X,O,X,O,X,X,X
JZSLOTI,O,O,O,O,X,X,X
JZSLOIT,O,O,X,O,X,X,X
JZSOTIL,O,O,O,X,O,X,X
JZSOTLI,O,O,O,X,O,X,X
JZSOITL,O,O,O,X,O,X,X
JZSOILT,O,O,O,O,X,X,X
JZSOLTI,O,O,O,O,X,X,X
JZSOLIT,O,O,X,O,X,X,X
JZOTILS,O,X,O,O,O,X,X
JZOTISL,O,O,O,X,O,X,X
JZOTLIS,O,X,O,O,O,X,X
JZOTLSI,O,O,O,O,O,X,X
JZOTSIL,O,O,O,X,O,X,X
JZOTSLI,O,O,O,X,O,X,X
JZOITLS,O,X,O,O,O,X,X
JZOITSL,O,O,O,X,O,X,X
JZOILTS,O,X,O,O,O,X,X
JZOILST,O,X,O,O,X,X,X
JZOISTL,O,O,O,X,O,X,X
JZOISLT,O,O,O,O,X,X,X
JZOLTIS,O,X,O,O,O,X,X
JZOLTSI,O,O,O,O,O,X,X
JZOLITS,O,X,O,O,O,X,X
JZOLIST,O,X,O,O,X,X,X
JZOLSTI,O,O,O,O,X,X,X
JZOLSIT,O,O,X,O,X,X,X
JZOSTIL,O,O,O,X,O,X,X
JZOSTLI,O,O,O,X,O,X,X
JZOSITL,O,O,O,X,O,X,X
JZOSILT,O,O,O,O,X,X,X
JZOSLTI,O,O,O,O,X,X,X
JZOSLIT,O,O,X,O,X,X,X
JOTILSZ,X,X,O,O,X,X,X
JOTILZS,O,X,O,O,X,X,X
JOTISLZ,X,X,O,X,X,X,X
JOTISZL,X,X,O,X,X,X,X
JOTIZLS,O,X,O,O,O,X,X
JOTIZSL,O,X,O,X,O,X,X
JOTLISZ,X,X,X,O,X,X,X
JOTLIZS,O,X,O,O,X,X,X
JOTLSIZ,X,X,X,X,X,X,X
JOTLSZI,O,X,O,O,X,X,X
JOTLZIS,O,X,O,O,X,X,X
JOTLZSI,O,X,O,O,X,X,X
JOTSILZ,X,X,X,X,X,X,X
JOTSIZL,X,X,X,X,X,X,X
JOTSLIZ,X,X,X,X,X,X,X
JOTSLZI,O,O,O,X,X,O,X
JOTSZIL,O,O,O,X,X,X,X
JOTSZLI,O,O,O,X,X,X,X
JOTZILS,O,X,O,O,O,X,X
JOTZISL,O,O,O,X,O,X,X
JOTZLIS,O,X,O,O,O,X,X
JOTZLSI,O,O,O,O,O,X,X
JOTZSIL,O,O,O,X,O,X,X
JOTZSLI,O,O,O,X,O,X,X
JOITLSZ,O,X,O,O,X,X,X
JOITLZS,O,X,O,O,X,X,X
JOITSLZ,O,X,O,X,X,X,X
JOITSZL,O,X,O,X,X,X,X
JOITZLS,O,X,O,O,O,X,X
JOITZSL,O,X,O,X,O,X,X
JOILTSZ,O,X,O,O,X,X,X
JOILTZS,O,X,O,O,X,X,X
JOILSTZ,O,X,X,O,X,X,X
JOILSZT,O,X,X,O,X,X,X
JOILZTS,O,X,O,O,O,X,X
JOILZST,O,X,O,O,X,X,X
JOISTLZ,O,X,O,X,X,X,X
JOISTZL,O,X,O,X,X,X,X
JOISLTZ,O,X,X,O,X,X,X
JOISLZT,O,O,X,O,X,X,X
JOISZTL,O,O,O,X,O,X,X
JOISZLT,O,O,O,O,X,X,X
JOIZTLS,O,X,O,O,O,X,X
JOIZTSL,O,O,O,X,O,X,X
JOIZLTS,O,X,O,O,O,X,X
JOIZLST,O,X,O,O,X,X,X
JOIZSTL,O,O,O,X,O,X,X
JOIZSLT,O,O,O,O,X,X,X
JOLTISZ,X,X,X,O,X,X,X
JOLTIZS,O,X,O,O,X,X,X
JOLTSIZ,X,X,X,X,X,X,X
JOLTSZI,O,X,O,O,X,X,X
JOLTZIS,O,X,O,O,X,X,X
JOLTZSI,O,X,O,O,X,X,X
JOLITSZ,O,X,O,O,X,X,X
JOLITZS,O,X,O,O,X,X,X
JOLISTZ,O,X,X,O,X,X,X
JOLISZT,O,X,X,O,X,X,X
JOLIZTS,O,X,O,O,O,X,X
JOLIZST,O,X,O,O,X,X,X
JOLSTIZ,X,X,X,X,X,X,X
JOLSTZI,O,O,X,O,X,X,X
JOLSITZ,X,X,X,O,X,X,X
JOLSIZT,X,O,X,O,X,X,X
JOLSZTI,O,O,X,O,X,X,X
JOLSZIT,O,O,X,O,X,X,X
JOLZTIS,O,X,O,O,O,X,X
JOLZTSI,O,O,O,O,O,X,X
JOLZITS,O,X,O,O,O,X,X
JOLZIST,O,X,O,O,X,X,X
JOLZSTI,O,O,O,O,X,X,X
JOLZSIT,O,O,X,O,X,X,X
JOSTILZ,X,X,X,X,X,X,X
JOSTIZL,X,X,X,X,X,X,X
JOSTLIZ,X,X,X,X,X,X,X
JOSTLZI,O,O,O,X,X,O,X
JOSTZIL,O,O,O,X,X,X,X
JOSTZLI,O,O,O,X,X,X,X
JOSITLZ,X,X,O,X,X,X,X
JOSITZL,X,X,O,X,X,X,X
JOSILTZ,X,X,X,O,X,X,X
JOSILZT,X,O,X,O,X,X,X
JOSIZTL,X,O,O,X,O,X,X
JOSIZLT,X,O,O,O,X,X,X
JOSLTIZ,X,X,X,X,X,X,X
JOSLTZI,O,O,X,O,X,O,X
JOSLITZ,X,X,X,O,X,X,X
JOSLIZT,X,O,X,O,X,X,X
JOSLZTI,O,O,X,O,X,X,X
JOSLZIT,O,O,X,O,X,X,X
JOSZTIL,O,O,O,X,O,X,X
JOSZTLI,O,O,O,X,O,X,X
JOSZITL,O,O,O,X,O,X,X
JOSZILT,O,O,O,O,X,X,X
JOSZLTI,O,O,O,O,X,X,X
JOSZLIT,O,O,X,O,X,X,X
JOZTILS,O,X,O,O,O,X,X
JOZTISL,O,O,O,X,O,X,X
JOZTLIS,O,X,O,O,O,X,X
JOZTLSI,O,O,O,O,O,X,X
JOZTSIL,O,O,O,X,O,X,X
JOZTSLI,O,O,O,X,O,X,X
JOZITLS,O,X,O,O,O,X,X
JOZITSL,O,O,O,X,O,X,X
JOZILTS,O,X,O,O,O,X,X
JOZILST,O,X,O,O,X,X,X
JOZISTL,O,O,O,X,O,X,X
JOZISLT,O,O,O,O,X,X,X
JOZLTIS,O,X,O,O,O,X,X
JOZLTSI,O,O,O,O,O,X,X
JOZLITS,O,X,O,O,O,X,X
JOZLIST,O,X,O,O,X,X,X
JOZLSTI,O,O,O,O,X,X,X
JOZLSIT,O,O,X,O,X,X,X
JOZSTIL,O,O,O,X,O,X,X
JOZSTLI,O,O,O,X,O,X,X
JOZSITL,O,O,O,X,O,X,X
JOZSILT,O,O,O,O,X,X,X
JOZSLTI,O,O,O,O,X,X,X
JOZSLIT,O,O,X,O,X,X,X
STILJZO,X,O,X,X,X,O,X
STILJOZ,X,X,X,X,X,X,X
STILZJO,X,O,X,X,X,X,X
STILZOJ,X,O,X,X,X,X,O
STILOJZ,X,O,X,X,X,X,X
STILOZJ,X,O,X,X,X,X,O
STIJLZO,X,O,X,X,X,O,X
STIJLOZ,X,X,X,X,X,X,X
STIJZLO,X,O,X,X,X,X,X
STIJZOL,X,O,X,X,X,X,X
STIJOLZ,X,X,X,X,X,X,X
STIJOZL,X,X,X,X,X,X,X
STIZLJO,X,O,X,X,X,X,X
STIZLOJ,X,O,X,X,X,X,X
STIZJLO,X,O,X,X,X,X,X
STIZJOL,X,O,X,X,X,X,X
STIZOLJ,X,O,X,X,X,X,X
STIZOJL,X,O,X,X,X,X,X
STIOLJZ,X,O,X,X,X,X,X
STIOLZJ,X,O,X,X,X,X,X
STIOJLZ,X,O,X,X,X,X,X
STIOJZL,X,O,X,X,X,X,X
STIOZLJ,X,O,X,X,X,X,X
STIOZJL,X,O,X,X,X,X,X
STLIJZO,X,O,X,X,X,O,X
STLIJOZ,X,X,X,X,X,X,X
STLIZJO,X,O,X,X,X,X,X
STLIZOJ,X,O,X,X,X,X,O
STLIOJZ,X,O,X,X,X,X,X
STLIOZJ,X,O,X,X,X,X,O
STLJIZO,X,O,X,X,X,O,X
STLJIOZ,X,X,X,X,X,X,X
STLJZIO,X,O,O,X,X,O,X
STLJZOI,X,O,O,X,X,O,X
STLJOIZ,X,X,X,X,X,X,X
STLJOZI,X,X,O,X,X,O,X
STLZIJO,X,O,O,X,X,X,X
STLZIOJ,X,O,X,X,X,X,X
STLZJIO,X,O,O,X,X,O,X
STLZJOI,X,O,O,X,X,O,X
STLZOIJ,X,O,X,X,X,X,X
STLZOJI,X,O,O,X,X,X,X
STLOIJZ,X,X,X,X,X,X,X
STLOIZJ,X,X,X,X,X,X,X
STLOJIZ,X,X,X,X,X,X,X
STLOJZI,X,O,X,X,X,O,X
STLOZIJ,X,O,X,X,X,X,X
STLOZJI,X,O,X,X,X,X,X
STJILZO,X,O,X,X,X,O,X
STJILOZ,X,X,X,X,X,X,X
STJIZLO,X,O,X,X,X,X,X
STJIZOL,X,O,X,X,X,X,X
STJIOLZ,X,X,X,X,X,X,X
STJIOZL,X,X,X,X,X,X,X
STJLIZO,X,O,X,X,X,O,X
STJLIOZ,X,X,X,X,X,X,X
STJLZIO,X,O,O,X,X,O,X
STJLZOI,X,O,O,X,X,O,X
STJLOIZ,X,X,X,X,X,X,X
STJLOZI,X,X,O,X,X,O,X
STJZILO,X,O,O,X,X,X,X
STJZIOL,X,O,O,X,X,X,X
STJZLIO,X,O,O,X,X,O,X
STJZLOI,X,O,O,X,X,O,X
STJZOIL,X,X,O,X,X,X,X
STJZOLI,X,O,O,X,X,X,X
STJOILZ,X,X,X,X,X,X,X
STJOIZL,X,X,X,X,X,X,X
STJOLIZ,X,X,X,X,X,X,X
STJOLZI,X,X,O,X,X,O,X
STJOZIL,X,X,O,X,X,X,X
STJOZLI,X,X,O,X,X,X,X
STZILJO,X,O,O,X,X,X,X
STZILOJ,X,O,X,X,X,X,X
STZIJLO,X,O,O,X,X,X,X
STZIJOL,X,O,O,X,X,X,X
STZIOLJ,X,O,X,X,X,X,X
STZIOJL,X,O,X,X,X,X,X
STZLIJO,X,O,O,X,X,X,X
STZLIOJ,X,O,X,X,X,X,X
STZLJIO,X,O,O,X,X,O,X
STZLJOI,X,O,O,X,X,O,X
STZLOIJ,X,O,X,X,X,X,X
STZLOJI,X,O,O,X,X,X,X
STZJILO,X,O,O,X,X,X,X
STZJIOL,X,O,O,X,X,X,X
STZJLIO,X,O,O,X,X,O,X
STZJLOI,X,O,O,X,X,O,X
STZJOIL,X,O,O,X,X,X,X
STZJOLI,X,O,O,X,X,X,X
STZOILJ,X,O,X,X,X,X,X
STZOIJL,X,O,X,X,X,X,X
STZOLIJ,X,O,X,X,X,X,X
STZOLJI,X,O,O,X,X,X,X
STZOJIL,X,O,O,X,X,X,X
STZOJLI,X,O,O,X,X,X,X
STOILJZ,X,X,X,X,X,X,X
STOILZJ,X,X,X,X,X,X,X
STOIJLZ,X,X,X,X,X,X,X
STOIJZL,X,X,X,X,X,X,X
STOIZLJ,X,X,X,X,X,X,X
STOIZJL,X,X,X,X,X,X,X
STOLIJZ,X,X,X,X,X,X,X
STOLIZJ,X,X,X,X,X,X,X
STOLJIZ,X,X,X,X,X,X,X
STOLJZI,X,O,X,X,X,O,X
STOLZIJ,X,O,X,X,X,X,X
STOLZJI,X,O,X,X,X,X,X
STOJILZ,X,X,X,X,X,X,X
STOJIZL,X,X,X,X,X,X,X
STOJLIZ,X,X,X,X,X,X,X
STOJLZI,X,O,X,X,X,O,X
STOJZIL,X,O,X,X,X,X,X
STOJZLI,X,O,X,X,X,X,X
STOZILJ,X,O,X,X,X,X,X
STOZIJL,X,O,X,X,X,X,X
STOZLIJ,X,O,X,X,X,X,X
STOZLJI,X,O,X,X,X,X,X
STOZJIL,X,O,X,X,X,X,X
STOZJLI,X,O,X,X,X,X,X
SITLJZO,X,O,O,X,X,O,X
SITLJOZ,X,X,O,X,X,X,X
SITLZJO,X,O,O,X,X,X,X
SITLZOJ,X,O,O,X,X,X,O
SITLOJZ,X,O,X,X,X,X,X
SITLOZJ,X,O,X,X,X,X,O
SITJLZO,X,O,O,X,X,O,X
SITJLOZ,X,X,O,X,X,X,X
SITJZLO,X,O,O,X,X,X,X
SITJZOL,X,O,O,X,X,X,X
SITJOLZ,X,X,O,X,X,X,X
SITJOZL,X,X,O,X,X,X,X
SITZLJO,X,O,O,X,X,X,X
SITZLOJ,X,O,O,X,X,X,X
SITZJLO,X,O,O,X,X,X,X
SITZJOL,X,O,O,X,X,X,X
SITZOLJ,X,O,O,X,X,X,X
SITZOJL,X,O,O,X,X,X,X
SITOLJZ,X,O,X,X,X,X,X
SITOLZJ,X,O,X,X,X,X,X
SITOJLZ,X,O,X,X,X,X,X
SITOJZL,X,O,X,X,X,X,X
SITOZLJ,X,O,X,X,X,X,X
SITOZJL,X,O,X,X,X,X,X
SILTJZO,X,O,X,O,X,O,X
SILTJOZ,X,X,X,O,X,X,X
SILTZJO,X,O,X,O,X,X,X
SILTZOJ,X,O,X,O,X,X,O
SILTOJZ,X,O,X,X,X,X,X
SILTOZJ,X,O,X,X,X,X,O
SILJTZO,O,O,X,O,X,O,X
SILJTOZ,X,X,X,O,X,X,X
SILJZTO,O,O,X,O,X,X,X
SILJZOT,O,O,X,O,X,X,O
SILJOTZ,X,O,X,O,X,X,X
SILJOZT,X,O,X,O,X,X,O
SILZTJO,O,O,X,O,X,X,X
SILZTOJ,O,O,X,O,X,X,O
SILZJTO,O,O,X,O,X,X,X
SILZJOT,O,O,X,O,X,X,O
SILZOTJ,O,O,X,O,X,X,O
SILZOJT,O,O,X,O,X,X,O
SILOTJZ,X,O,X,X,X,X,X
SILOTZJ,X,O,X,X,X,X,O
SILOJTZ,X,O,X,O,X,X,X
SILOJZT,X,O,X,O,X,X,O
SILOZTJ,X,O,X,O,X,X,O
SILOZJT,X,O,X,O,X,X,O
SIJTLZO,O,O,O,X,X,O,X
SIJTLOZ,X,X,O,X,X,X,X
SIJTZLO,O,O,O,X,X,X,X
SIJTZOL,O,O,O,X,X,X,X
SIJTOLZ,O,X,O,X,X,X,X
SIJTOZL,O,X,O,X,X,X,X
SIJLTZO,O,O,X,O,X,O,X
SIJLTOZ,X,X,X,O,X,X,X
SIJLZTO,O,O,X,O,X,X,X
SIJLZOT,O,O,X,O,X,X,O
SIJLOTZ,X,O,X,O,X,X,X
SIJLOZT,X,O,X,O,X,X,O
SIJZTLO,O,O,O,X,X,X,X
SIJZTOL,O,O,O,X,X,X,X
SIJZLTO,O,O,O,O,X,X,X
SIJZLOT,O,O,O,O,X,X,X
SIJZOTL,O,O,O,X,X,X,X
SIJZOLT,O,O,O,O,X,X,X
SIJOTLZ,O,O,O,X,X,X,X
SIJOTZL,O,O,O,X,X,X,X
SIJOLTZ,O,O,X,O,X,X,X
SIJOLZT,O,O,X,O,X,X,X
SIJOZTL,O,O,O,X,X,X,X
SIJOZLT,O,O,O,O,X,X,X
SIZTLJO,O,O,O,X,X,X,X
SIZTLOJ,O,O,O,X,X,X,X
SIZTJLO,O,O,O,X,X,X,X
SIZTJOL,O,O,O,X,X,X,X
SIZTOLJ,O,O,O,X,X,X,X
SIZTOJL,O,O,O,X,X,X,X
SIZLTJO,O,O,O,O,X,X,X
SIZLTOJ,O,O,O,O,X,X,O
SIZLJTO,O,O,O,O,X,X,X
SIZLJOT,O,O,O,O,X,X,O
SIZLOTJ,O,O,X,O,X,X,O
SIZLOJT,O,O,X,O,X,X,O
SIZJTLO,O,O,O,X,X,X,X
SIZJTOL,O,O,O,X,X,X,X
SIZJLTO,O,O,O,O,X,X,X
SIZJLOT,O,O,O,O,X,X,X
SIZJOTL,O,O,O,X,X,X,X
SIZJOLT,O,O,O,O,X,X,X
SIZOTLJ,O,O,O,X,X,X,X
SIZOTJL,O,O,O,X,X,X,X
SIZOLTJ,O,O,X,X,X,X,X
SIZOLJT,O,O,X,X,X,X,X
SIZOJTL,O,O,O,X,X,X,X
SIZOJLT,O,O,O,X,X,X,X
SIOTLJZ,X,O,X,X,X,X,X
SIOTLZJ,X,O,X,X,X,X,X
SIOTJLZ,X,O,X,X,X,X,X
SIOTJZL,X,O,X,X,X,X,X
SIOTZLJ,X,O,X,X,X,X,X
SIOTZJL,X,O,X,X,X,X,X
SIOLTJZ,X,O,X,X,X,X,X
SIOLTZJ,X,O,X,X,X,X,O
SIOLJTZ,O,O,X,X,X,X,X
SIOLJZT,O,O,X,X,X,X,O
SIOLZTJ,O,O,X,X,X,X,O
SIOLZJT,O,O,X,X,X,X,O
SIOJTLZ,O,O,X,X,X,X,X
SIOJTZL,O,O,X,X,X,X,X
SIOJLTZ,O,O,X,X,X,X,X
SIOJLZT,O,O,X,X,X,X,X
SIOJZTL,O,O,X,X,X,X,X
SIOJZLT,O,O,X,X,X,X,X
SIOZTLJ,O,O,X,X,X,X,X
SIOZTJL,O,O,X,X,X,X,X
SIOZLTJ,O,O,X,X,X,X,X
SIOZLJT,O,O,X,X,X,X,X
SIOZJTL,O,O,X,X,X,X,X
SIOZJLT,O,O,X,X,X,X,X
SLTIJZO,X,O,X,X,X,O,X
SLTIJOZ,X,X,X,X,X,X,X
SLTIZJO,X,O,X,X,X,X,X
SLTIZOJ,X,O,X,X,X,X,O
SLTIOJZ,X,O,X,X,X,X,X
SLTIOZJ,X,O,X,X,X,X,O
SLTJIZO,X,O,X,X,X,O,X
SLTJIOZ,X,X,X,X,X,X,X
SLTJZIO,X,O,X,O,X,O,X
SLTJZOI,X,O,X,O,X,O,X
SLTJOIZ,X,X,X,X,X,X,X
SLTJOZI,X,X,X,O,X,O,X
SLTZIJO,X,O,X,O,X,X,X
SLTZIOJ,X,O,X,X,X,X,X
SLTZJIO,X,O,X,O,X,O,X
SLTZJOI,X,O,X,O,X,O,X
SLTZOIJ,X,O,X,X,X,X,X
SLTZOJI,X,O,X,O,X,X,X
SLTOIJZ,X,X,X,X,X,X,X
SLTOIZJ,X,X,X,X,X,X,X
SLTOJIZ,X,X,X,X,X,X,X
SLTOJZI,X,O,X,X,X,O,X
SLTOZIJ,X,O,X,X,X,X,X
SLTOZJI,X,O,X,X,X,X,X
SLITJZO,X,O,X,O,X,O,X
SLITJOZ,X,X,X,O,X,X,X
SLITZJO,X,O,X,O,X,X,X
SLITZOJ,X,O,X,O,X,X,O
SLITOJZ,X,O,X,X,X,X,X
SLITOZJ,X,O,X,X,X,X,O
SLIJTZO,O,O,X,O,X,O,X
SLIJTOZ,X,X,X,O,X,X,X
SLIJZTO,O,O,X,O,X,X,X
SLIJZOT,O,O,X,O,X,X,O
SLIJOTZ,X,O,X,O,X,X,X
SLIJOZT,X,O,X,O,X,X,O
SLIZTJO,O,O,X,O,X,X,X
SLIZTOJ,O,O,X,O,X,X,O
SLIZJTO,O,O,X,O,X,X,X
SLIZJOT,O,O,X,O,X,X,O
SLIZOTJ,O,O,X,O,X,X,O
SLIZOJT,O,O,X,O,X,X,O
SLIOTJZ,X,O,X,X,X,X,X
SLIOTZJ,X,O,X,X,X,X,O
SLIOJTZ,X,O,X,O,X,X,X
SLIOJZT,X,O,X,O,X,X,O
SLIOZTJ,X,O,X,O,X,X,O
SLIOZJT,X,O,X,O,X,X,O
SLJTIZO,X,O,X,X,X,O,X
SLJTIOZ,X,X,X,X,X,X,X
SLJTZIO,O,O,X,O,X,O,X
SLJTZOI,O,O,X,O,X,O,X
SLJTOIZ,X,X,X,X,X,X,X
SLJTOZI,X,X,X,O,X,O,X
SLJITZO,X,O,X,O,X,O,X
SLJITOZ,X,X,X,O,X,X,X
SLJIZTO,X,O,X,O,X,X,X
SLJIZOT,X,O,X,O,X,X,O
SLJIOTZ,X,O,X,O,X,X,X
SLJIOZT,X,O,X,O,X,X,O
SLJZTIO,O,O,X,O,X,O,X
SLJZTOI,O,O,X,O,X,O,X
SLJZITO,O,O,X,O,X,X,X
SLJZIOT,X,O,X,O,X,X,X
SLJZOTI,O,O,X,O,X,X,X
SLJZOIT,X,O,X,O,X,X,X
SLJOTIZ,X,X,X,X,X,X,X
SLJOTZI,X,O,X,O,X,O,X
SLJOITZ,X,X,X,O,X,X,X
SLJOIZT,X,O,X,O,X,X,X
SLJOZTI,X,O,X,O,X,X,X
SLJOZIT,X,O,X,O,X,X,X
SLZTIJO,O,O,X,O,X,X,X
SLZTIOJ,O,O,X,X,X,X,X
SLZTJIO,O,O,X,O,X,O,X
SLZTJOI,O,O,X,O,X,O,X
SLZTOIJ,O,O,X,X,X,X,X
SLZTOJI,O,O,X,O,X,X,X
SLZITJO,O,O,X,O,X,X,X
SLZITOJ,O,O,X,O,X,X,O
SLZIJTO,O,O,X,O,X,X,X
SLZIJOT,O,O,X,O,X,X,O
SLZIOTJ,O,O,X,O,X,X,O
SLZIOJT,O,O,X,O,X,X,O
SLZJTIO,O,O,X,O,X,O,X
SLZJTOI,O,O,X,O,X,O,X
SLZJITO,O,O,X,O,X,X,X
SLZJIOT,X,O,X,O,X,X,X
SLZJOTI,O,O,X,O,X,X,X
SLZJOIT,X,O,X,O,X,X,X
SLZOTIJ,O,O,X,X,X,X,X
SLZOTJI,O,O,X,O,X,X,X
SLZOITJ,X,O,X,X,X,X,X
SLZOIJT,X,O,X,X,X,X,X
SLZOJTI,O,O,X,O,X,X,X
SLZOJIT,X,O,X,O,X,X,X
SLOTIJZ,X,X,X,X,X,X,X
SLOTIZJ,X,X,X,X,X,X,X
SLOTJIZ,X,X,X,X,X,X,X
SLOTJZI,X,O,X,X,X,O,X
SLOTZIJ,X,O,X,X,X,X,X
SLOTZJI,X,O,X,X,X,X,X
SLOITJZ,X,O,X,X,X,X,X
SLOITZJ,X,O,X,X,X,X,O
SLOIJTZ,X,O,X,X,X,X,X
SLOIJZT,X,O,X,X,X,X,O
SLOIZTJ,X,O,X,X,X,X,O
SLOIZJT,X,O,X,X,X,X,O
SLOJTIZ,X,X,X,X,X,X,X
SLOJTZI,X,O,X,O,X,O,X
SLOJITZ,X,X,X,X,X,X,X
SLOJIZT,X,O,X,O,X,X,X
SLOJZTI,X,O,X,O,X,X,X
SLOJZIT,X,O,X,O,X,X,X
SLOZTIJ,X,O,X,X,X,X,X
SLOZTJI,X,O,X,O,X,X,X
SLOZITJ,X,O,X,X,X,X,X
SLOZIJT,X,O,X,X,X,X,X
SLOZJTI,X,O,X,O,X,X,X
SLOZJIT,X,O,X,O,X,X,X
SJTILZO,X,O,X,X,X,O,X
SJTILOZ,X,X,X,X,X,X,X
SJTIZLO,X,O,X,X,X,X,X
SJTIZOL,X,O,X,X,X,X,X
SJTIOLZ,X,X,X,X,X,X,X
SJTIOZL,X,X,X,X,X,X,X
SJTLIZO,X,O,X,X,X,O,X
SJTLIOZ,X,X,X,X,X,X,X
SJTLZIO,O,O,O,X,X,O,X
SJTLZOI,O,O,O,X,X,O,X
SJTLOIZ,X,X,X,X,X,X,X
SJTLOZI,X,X,O,X,X,O,X
SJTZILO,O,O,O,X,X,X,X
SJTZIOL,O,O,O,X,X,X,X
SJTZLIO,O,O,O,X,X,O,X
SJTZLOI,O,O,O,X,X,O,X
SJTZOIL,O,X,O,X,X,X,X
SJTZOLI,O,O,O,X,X,X,X
SJTOILZ,X,X,X,X,X,X,X
SJTOIZL,X,X,X,X,X,X,X
SJTOLIZ,X,X,X,X,X,X,X
SJTOLZI,O,X,O,X,X,O,X
SJTOZIL,O,X,O,X,X,X,X
SJTOZLI,O,X,O,X,X,X,X
SJITLZO,X,O,O,X,X,O,X
SJITLOZ,X,X,O,X,X,X,X
SJITZLO,X,O,O,X,X,X,X
SJITZOL,X,O,O,X,X,X,X
SJITOLZ,X,X,O,X,X,X,X
SJITOZL,X,X,O,X,X,X,X
SJILTZO,X,O,X,O,X,O,X
SJILTOZ,X,X,X,O,X,X,X
SJILZTO,X,O,X,O,X,X,X
SJILZOT,X,O,X,O,X,X,O
SJILOTZ,X,O,X,O,X,X,X
SJILOZT,X,O,X,O,X,X,O
SJIZTLO,X,O,O,X,X,X,X
SJIZTOL,X,O,O,X,X,X,X
SJIZLTO,X,O,O,O,X,X,X
SJIZLOT,X,O,O,O,X,X,X
SJIZOTL,X,O,O,X,X,X,X
SJIZOLT,X,O,O,O,X,X,X
SJIOTLZ,X,O,O,X,X,X,X
SJIOTZL,X,O,O,X,X,X,X
SJIOLTZ,X,O,X,O,X,X,X
SJIOLZT,X,O,X,O,X,X,X
SJIOZTL,X,O,O,X,X,X,X
SJIOZLT,X,O,O,O,X,X,X
SJLTIZO,X,O,X,X,X,O,X
SJLTIOZ,X,X,X,X,X,X,X
SJLTZIO,O,O,X,O,X,O,X
SJLTZOI,O,O,X,O,X,O,X
SJLTOIZ,X,X,X,X,X,X,X
SJLTOZI,X,X,X,O,X,O,X
SJLITZO,X,O,X,O,X,O,X
SJLITOZ,X,X,X,O,X,X,X
SJLIZTO,X,O,X,O,X,X,X
SJLIZOT,X,O,X,O,X,X,O
SJLIOTZ,X,O,X,O,X,X,X
SJLIOZT,X,O,X,O,X,X,O
SJLZTIO,O,O,X,O,X,O,X
SJLZTOI,O,O,X,O,X,O,X
SJLZITO,O,O,X,O,X,X,X
SJLZIOT,X,O,X,O,X,X,X
SJLZOTI,O,O,X,O,X,X,X
SJLZOIT,X,O,X,O,X,X,X
SJLOTIZ,X,X,X,X,X,X,X
SJLOTZI,X,O,X,O,X,O,X
SJLOITZ,X,X,X,O,X,X,X
SJLOIZT,X,O,X,O,X,X,X
SJLOZTI,X,O,X,O,X,X,X
SJLOZIT,X,O,X,O,X,X,X
SJZTILO,O,O,O,X,X,X,X
SJZTIOL,O,O,O,X,X,X,X
SJZTLIO,O,O,O,X,X,O,X
SJZTLOI,O,O,O,X,O,O,X
SJZTOIL,O,O,O,X,O,X,X
SJZTOLI,O,O,O,X,O,X,X
SJZITLO,O,O,O,X,X,X,X
SJZITOL,O,O,O,X,X,X,X
SJZILTO,O,O,O,O,X,X,X
SJZILOT,X,O,O,O,X,X,X
SJZIOTL,O,O,O,X,X,X,X
SJZIOLT,O,O,O,O,X,X,X
SJZLTIO,O,O,O,O,X,O,X
SJZLTOI,O,O,O,O,X,O,X
SJZLITO,O,O,X,O,X,X,X
SJZLIOT,X,O,X,O,X,X,X
SJZLOTI,O,O,O,O,X,X,X
SJZLOIT,O,O,X,O,X,X,X
SJZOTIL,O,O,O,X,O,X,X
SJZOTLI,O,O,O,X,O,X,X
SJZOITL,O,O,O,X,O,X,X
SJZOILT,O,O,O,O,X,X,X
SJZOLTI,O,O,O,O,X,X,X
SJZOLIT,O,O,X,O,X,X,X
SJOTILZ,X,X,X,X,X,X,X
SJOTIZL,X,X,X,X,X,X,X
SJOTLIZ,X,X,X,X,X,X,X
SJOTLZI,O,O,O,X,X,O,X
SJOTZIL,O,O,O,X,X,X,X
SJOTZLI,O,O,O,X,X,X,X
SJOITLZ,X,X,O,X,X,X,X
SJOITZL,X,X,O,X,X,X,X
SJOILTZ,X,X,X,O,X,X,X
SJOILZT,X,O,X,O,X,X,X
SJOIZTL,X,O,O,X,O,X,X
SJOIZLT,X,O,O,O,X,X,X
SJOLTIZ,X,X,X,X,X,X,X
SJOLTZI,O,O,X,O,X,O,X
SJOLITZ,X,X,X,O,X,X,X
SJOLIZT,X,O,X,O,X,X,X
SJOLZTI,O,O,X,O,X,X,X
SJOLZIT,O,O,X,O,X,X,X
SJOZTIL,O,O,O,X,O,X,X
SJOZTLI,O,O,O,X,O,X,X
SJOZITL,O,O,O,X,O,X,X
SJOZILT,O,O,O,O,X,X,X
SJOZLTI,O,O,O,O,X,X,X
SJOZLIT,O,O,X,O,X,X,X
SZTILJO,O,O,O,X,X,X,X
SZTILOJ,O,O,X,X,X,X,X
SZTIJLO,X,O,O,X,X,X,X
SZTIJOL,X,O,O,X,X,X,X
SZTIOLJ,O,O,X,X,X,X,X
SZTIOJL,X,O,X,X,X,X,X
SZTLIJO,O,O,O,X,X,X,X
SZTLIOJ,O,O,X,X,X,X,X
SZTLJIO,O,O,O,X,X,O,X
SZTLJOI,O,O,O,X,O,O,X
SZTLOIJ,O,O,X,X,O,X,X
SZTLOJI,O,O,O,X,O,X,X
SZTJILO,O,O,O,X,X,X,X
SZTJIOL,O,O,O,X,X,X,X
SZTJLIO,O,O,O,X,X,O,X
SZTJLOI,O,O,O,X,O,O,X
SZTJOIL,O,O,O,X,O,X,X
SZTJOLI,O,O,O,X,O,X,X
SZTOILJ,O,O,X,X,O,X,X
SZTOIJL,X,O,X,X,O,X,X
SZTOLIJ,O,O,X,X,O,X,X
SZTOLJI,O,O,O,X,O,X,X
SZTOJIL,O,O,O,X,O,X,X
SZTOJLI,O,O,O,X,O,X,X
SZITLJO,O,O,O,X,X,X,X
SZITLOJ,O,O,O,X,X,X,X
SZITJLO,O,O,O,X,X,X,X
SZITJOL,O,O,O,X,X,X,X
SZITOLJ,O,O,O,X,X,X,X
SZITOJL,O,O,O,X,X,X,X
SZILTJO,O,O,O,O,X,X,X
SZILTOJ,O,O,O,O,X,X,O
SZILJTO,O,O,O,O,X,X,X
SZILJOT,O,O,O,O,X,X,O
SZILOTJ,O,O,X,O,X,X,O
SZILOJT,O,O,X,O,X,X,O
SZIJTLO,O,O,O,X,X,X,X
SZIJTOL,O,O,O,X,X,X,X
SZIJLTO,O,O,O,O,X,X,X
SZIJLOT,O,O,O,O,X,X,X
SZIJOTL,O,O,O,X,X,X,X
SZIJOLT,O,O,O,O,X,X,X
SZIOTLJ,O,O,O,X,X,X,X
SZIOTJL,O,O,O,X,X,X,X
SZIOLTJ,O,O,X,X,X,X,X
SZIOLJT,O,O,X,X,X,X,X
SZIOJTL,O,O,O,X,X,X,X
SZIOJLT,O,O,O,X,X,X,X
SZLTIJO,O,O,O,O,X,X,X
SZLTIOJ,O,O,X,X,X,X,X
SZLTJIO,O,O,O,O,X,O,X
SZLTJOI,O,O,O,O,X,O,X
SZLTOIJ,O,O,X,X,X,X,X
SZLTOJI,O,O,O,O,X,X,X
SZLITJO,O,O,X,O,X,X,X
SZLITOJ,O,O,X,O,X,X,O
SZLIJTO,O,O,X,O,X,X,X
SZLIJOT,O,O,X,O,X,X,O
SZLIOTJ,O,O,X,O,X,X,O
SZLIOJT,O,O,X,O,X,X,O
SZLJTIO,O,O,O,O,X,O,X
SZLJTOI,O,O,O,O,X,O,X
SZLJITO,O,O,X,O,X,X,X
SZLJIOT,X,O,X,O,X,X,X
SZLJOTI,O,O,O,O,X,X,X
SZLJOIT,O,O,X,O,X,X,X
SZLOTIJ,O,O,X,X,X,X,X
SZLOTJI,O,O,X,O,X,X,X
SZLOITJ,O,O,X,X,X,X,X
SZLOIJT,O,O,X,X,X,X,X
SZLOJTI,O,O,X,O,X,X,X
SZLOJIT,O,O,X,O,X,X,X
SZJTILO,O,O,O,X,X,X,X
SZJTIOL,O,O,O,X,X,X,X
SZJTLIO,O,O,O,X,X,O,X
SZJTLOI,O,O,O,X,O,O,X
SZJTOIL,O,O,O,X,O,X,X
SZJTOLI,O,O,O,X,O,X,X
SZJITLO,O,O,O,X,X,X,X
SZJITOL,O,O,O,X,X,X,X
SZJILTO,O,O,O,O,X,X,X
SZJILOT,X,O,O,O,X,X,X
SZJIOTL,O,O,O,X,X,X,X
SZJIOLT,O,O,O,O,X,X,X
SZJLTIO,O,O,O,O,X,O,X
SZJLTOI,O,O,O,O,X,O,X
SZJLITO,O,O,X,O,X,X,X
SZJLIOT,X,O,X,O,X,X,X
SZJLOTI,O,O,O,O,X,X,X
SZJLOIT,O,O,X,O,X,X,X
SZJOTIL,O,O,O,X,O,X,X
SZJOTLI,O,O,O,X,O,X,X
SZJOITL,O,O,O,X,O,X,X
SZJOILT,O,O,O,O,X,X,X
SZJOLTI,O,O,O,O,X,X,X
SZJOLIT,O,O,X,O,X,X,X
SZOTILJ,O,O,X,X,O,X,X
SZOTIJL,X,O,X,X,O,X,X
SZOTLIJ,O,O,X,X,O,X,X
SZOTLJI,O,O,O,X,O,X,X
SZOTJIL,O,O,O,X,O,X,X
SZOTJLI,O,O,O,X,O,X,X
SZOITLJ,O,O,X,X,O,X,X
SZOITJL,O,O,X,X,O,X,X
SZOILTJ,O,O,X,X,X,X,X
SZOILJT,O,O,X,X,X,X,X
SZOIJTL,O,O,X,X,O,X,X
SZOIJLT,O,O,X,X,X,X,X
SZOLTIJ,O,O,X,X,X,X,X
SZOLTJI,O,O,X,X,X,X,X
SZOLITJ,O,O,X,X,X,X,X
SZOLIJT,O,O,X,X,X,X,X
SZOLJTI,O,O,X,X,X,X,X
SZOLJIT,O,O,X,X,X,X,X
SZOJTIL,O,O,O,X,O,X,X
SZOJTLI,O,O,O,X,O,X,X
SZOJITL,O,O,O,X,O,X,X
SZOJILT,O,O,X,X,X,X,X
SZOJLTI,O,O,O,X,X,X,X
SZOJLIT,O,O,X,X,X,X,X
SOTILJZ,X,X,X,X,X,X,X
SOTILZJ,X,X,X,X,X,X,X
SOTIJLZ,X,X,X,X,X,X,X
SOTIJZL,X,X,X,X,X,X,X
SOTIZLJ,X,X,X,X,X,X,X
SOTIZJL,X,X,X,X,X,X,X
SOTLIJZ,X,X,X,X,X,X,X
SOTLIZJ,X,X,X,X,X,X,X
SOTLJIZ,X,X,X,X,X,X,X
SOTLJZI,X,O,X,X,X,O,X
SOTLZIJ,X,O,X,X,X,X,X
SOTLZJI,X,O,X,X,X,X,X
SOTJILZ,X,X,X,X,X,X,X
SOTJIZL,X,X,X,X,X,X,X
SOTJLIZ,X,X,X,X,X,X,X
SOTJLZI,X,O,X,X,X,O,X
SOTJZIL,X,O,X,X,X,X,X
SOTJZLI,X,O,X,X,X,X,X
SOTZILJ,X,O,X,X,X,X,X
SOTZIJL,X,O,X,X,X,X,X
SOTZLIJ,X,O,X,X,X,X,X
SOTZLJI,X,O,X,X,X,X,X
SOTZJIL,X,O,X,X,X,X,X
SOTZJLI,X,O,X,X,X,X,X
SOITLJZ,X,O,X,X,X,X,X
SOITLZJ,X,O,X,X,X,X,X
SOITJLZ,X,O,X,X,X,X,X
SOITJZL,X,O,X,X,X,X,X
SOITZLJ,X,O,X,X,X,X,X
SOITZJL,X,O,X,X,X,X,X
SOILTJZ,X,O,X,X,X,X,X
SOILTZJ,X,O,X,X,X,X,O
SOILJTZ,O,O,X,X,X,X,X
SOILJZT,O,O,X,X,X,X,O
SOILZTJ,O,O,X,X,X,X,O
SOILZJT,O,O,X,X,X,X,O
SOIJTLZ,O,O,X,X,X,X,X
SOIJTZL,O,O,X,X,X,X,X
SOIJLTZ,O,O,X,X,X,X,X
SOIJLZT,O,O,X,X,X,X,X
SOIJZTL,O,O,X,X,O,X,X
SOIJZLT,O,O,X,X,X,X,X
SOIZTLJ,O,O,X,X,O,X,X
SOIZTJL,O,O,X,X,O,X,X
SOIZLTJ,O,O,X,X,X,X,X
SOIZLJT,O,O,X,X,X,X,X
SOIZJTL,O,O,X,X,O,X,X
SOIZJLT,O,O,X,X,X,X,X
SOLTIJZ,X,X,X,X,X,X,X
SOLTIZJ,X,X,X,X,X,X,X
SOLTJIZ,X,X,X,X,X,X,X
SOLTJZI,X,O,X,X,X,O,X
SOLTZIJ,X,O,X,X,X,X,X
SOLTZJI,X,O,X,X,X,X,X
SOLITJZ,X,O,X,X,X,X,X
SOLITZJ,X,O,X,X,X,X,O
SOLIJTZ,O,O,X,X,X,X,X
SOLIJZT,O,O,X,X,X,X,O
SOLIZTJ,O,O,X,X,X,X,O
SOLIZJT,O,O,X,X,X,X,O
SOLJTIZ,X,X,X,X,X,X,X
SOLJTZI,O,O,X,X,X,O,X
SOLJITZ,X,X,X,X,X,X,X
SOLJIZT,X,O,X,X,X,X,X
SOLJZTI,O,O,X,X,X,X,X
SOLJZIT,O,O,X,X,X,X,X
SOLZTIJ,O,O,X,X,X,X,X
SOLZTJI,O,O,X,X,X,X,X
SOLZITJ,O,O,X,X,X,X,X
SOLZIJT,O,O,X,X,X,X,X
SOLZJTI,O,O,X,X,X,X,X
SOLZJIT,O,O,X,X,X,X,X
SOJTILZ,X,X,X,X,X,X,X
SOJTIZL,X,X,X,X,X,X,X
SOJTLIZ,X,X,X,X,X,X,X
SOJTLZI,O,O,X,X,X,O,X
SOJTZIL,O,O,X,X,X,X,X
SOJTZLI,O,O,X,X,X,X,X
SOJITLZ,X,X,X,X,X,X,X
SOJITZL,X,X,X,X,X,X,X
SOJILTZ,X,X,X,X,X,X,X
SOJILZT,X,O,X,X,X,X,X
SOJIZTL,X,O,X,X,O,X,X
SOJIZLT,X,O,X,X,X,X,X
SOJLTIZ,X,X,X,X,X,X,X
SOJLTZI,O,O,X,X,X,O,X
SOJLITZ,X,X,X,X,X,X,X
SOJLIZT,X,O,X,X,X,X,X
SOJLZTI,O,O,X,X,X,X,X
SOJLZIT,O,O,X,X,X,X,X
SOJZTIL,O,O,X,X,O,X,X
SOJZTLI,O,O,X,X,O,X,X
SOJZITL,O,O,X,X,O,X,X
SOJZILT,O,O,X,X,X,X,X
SOJZLTI,O,O,X,X,X,X,X
SOJZLIT,O,O,X,X,X,X,X
SOZTILJ,O,O,X,X,O,X,X
SOZTIJL,X,O,X,X,O,X,X
SOZTLIJ,O,O,X,X,O,X,X
SOZTLJI,O,O,X,X,O,X,X
SOZTJIL,O,O,X,X,O,X,X
SOZTJLI,O,O,X,X,O,X,X
SOZITLJ,O,O,X,X,O,X,X
SOZITJL,O,O,X,X,O,X,X
SOZILTJ,O,O,X,X,X,X,X
SOZILJT,O,O,X,X,X,X,X
SOZIJTL,O,O,X,X,O,X,X
SOZIJLT,O,O,X,X,X,X,X
SOZLTIJ,O,O,X,X,X,X,X
SOZLTJI,O,O,X,X,X,X,X
SOZLITJ,O,O,X,X,X,X,X
SOZLIJT,O,O,X,X,X,X,X
SOZLJTI,O,O,X,X,X,X,X
SOZLJIT,O,O,X,X,X,X,X
SOZJTIL,O,O,X,X,O,X,X
SOZJTLI,O,O,X,X,O,X,X
SOZJITL,O,O,X,X,O,X,X
SOZJILT,O,O,X,X,X,X,X
SOZJLTI,O,O,X,X,X,X,X
SOZJLIT,O,O,X,X,X,X,X
ZTILJSO,O,O,O,O,X,X,X
ZTILJOS,O,X,O,O,O,X,X
ZTILSJO,O,O,O,O,X,X,X
ZTILSOJ,O,O,O,O,X,X,X
ZTILOJS,X,O,O,X,O,X,X
ZTILOSJ,X,O,O,X,O,X,X
ZTIJLSO,O,O,O,O,X,X,X
ZTIJLOS,O,X,O,O,O,X,X
ZTIJSLO,O,O,O,X,X,X,X
ZTIJSOL,O,O,O,X,X,X,X
ZTIJOLS,O,O,O,O,O,X,X
ZTIJOSL,O,O,O,X,O,X,X
ZTISLJO,O,O,O,X,X,X,X
ZTISLOJ,O,O,O,X,X,X,X
ZTISJLO,O,O,O,X,X,X,X
ZTISJOL,O,O,O,X,X,X,X
ZTISOLJ,O,O,O,X,X,X,X
ZTISOJL,O,O,O,X,X,X,X
ZTIOLJS,O,O,O,X,O,X,X
ZTIOLSJ,O,O,O,X,O,X,X
ZTIOJLS,O,O,O,X,O,X,X
ZTIOJSL,O,O,O,X,O,X,X
ZTIOSLJ,O,O,O,X,O,X,X
ZTIOSJL,O,O,O,X,O,X,X
ZTLIJSO,O,X,O,O,X,X,X
ZTLIJOS,O,X,O,O,O,X,X
ZTLISJO,O,X,O,O,X,X,X
ZTLISOJ,O,X,X,O,X,X,X
ZTLIOJS,X,X,X,X,O,X,X
ZTLIOSJ,X,X,X,X,O,X,X
ZTLJISO,O,X,O,O,X,X,X
ZTLJIOS,X,X,O,O,O,X,X
ZTLJSIO,O,O,O,O,X,X,X
ZTLJSOI,O,O,O,O,O,X,X
ZTLJOIS,X,X,O,O,O,X,X
ZTLJOSI,O,X,O,O,O,X,X
ZTLSIJO,O,O,O,O,X,X,X
ZTLSIOJ,O,O,X,X,X,X,X
ZTLSJIO,O,O,O,O,X,X,X
ZTLSJOI,O,O,O,O,O,X,X
ZTLSOIJ,O,O,X,X,O,X,X
ZTLSOJI,O,O,O,O,O,X,X
ZTLOIJS,X,X,X,X,O,X,X
ZTLOISJ,X,X,X,X,O,X,X
ZTLOJIS,X,X,O,X,O,X,X
ZTLOJSI,X,O,O,X,O,X,X
ZTLOSIJ,X,O,X,X,O,X,X
ZTLOSJI,X,O,O,X,O,X,X
ZTJILSO,O,O,O,O,X,X,X
ZTJILOS,X,X,O,O,O,X,X
ZTJISLO,O,O,O,X,X,X,X
ZTJISOL,O,O,O,X,X,X,X
ZTJIOLS,O,X,O,O,O,X,X
ZTJIOSL,O,O,O,X,O,X,X
ZTJLISO,O,X,O,O,X,X,X
ZTJLIOS,X,X,O,O,O,X,X
ZTJLSIO,O,O,O,O,X,X,X
ZTJLSOI,O,O,O,O,O,X,X
ZTJLOIS,O,X,O,O,O,X,X
ZTJLOSI,O,X,O,O,O,X,X
ZTJSILO,O,O,O,X,X,X,X
ZTJSIOL,O,O,O,X,X,X,X
ZTJSLIO,O,O,O,X,X,O,X
ZTJSLOI,O,O,O,X,O,O,X
ZTJSOIL,O,O,O,X,O,X,X
ZTJSOLI,O,O,O,X,O,X,X
ZTJOILS,O,X,O,O,O,X,X
ZTJOISL,O,O,O,X,O,X,X
ZTJOLIS,O,X,O,O,O,X,X
ZTJOLSI,O,O,O,O,O,X,X
ZTJOSIL,O,O,O,X,O,X,X
ZTJOSLI,O,O,O,X,O,X,X
ZTSILJO,O,O,O,X,X,X,X
ZTSILOJ,O,O,X,X,X,X,X
ZTSIJLO,X,O,O,X,X,X,X
ZTSIJOL,X,O,O,X,X,X,X
ZTSIOLJ,O,O,X,X,X,X,X
ZTSIOJL,X,O,X,X,X,X,X
ZTSLIJO,O,O,O,X,X,X,X
ZTSLIOJ,O,O,X,X,X,X,X
ZTSLJIO,O,O,O,X,X,O,X
ZTSLJOI,O,O,O,X,O,O,X
ZTSLOIJ,O,O,X,X,O,X,X
ZTSLOJI,O,O,O,X,O,X,X
ZTSJILO,O,O,O,X,X,X,X
ZTSJIOL,O,O,O,X,X,X,X
ZTSJLIO,O,O,O,X,X,O,X
ZTSJLOI,O,O,O,X,O,O,X
ZTSJOIL,O,O,O,X,O,X,X
ZTSJOLI,O,O,O,X,O,X,X
ZTSOILJ,O,O,X,X,O,X,X
ZTSOIJL,X,O,X,X,O,X,X
ZTSOLIJ,O,O,X,X,O,X,X
ZTSOLJI,O,O,O,X,O,X,X
ZTSOJIL,O,O,O,X,O,X,X
ZTSOJLI,O,O,O,X,O,X,X
ZTOILJS,O,X,X,X,O,X,X
ZTOILSJ,O,X,X,X,O,X,X
ZTOIJLS,O,X,X,X,O,X,X
ZTOIJSL,O,O,X,X,O,X,X
ZTOISLJ,O,O,X,X,O,X,X
ZTOISJL,O,O,X,X,O,X,X
ZTOLIJS,O,X,X,X,O,X,X
ZTOLISJ,O,X,X,X,O,X,X
ZTOLJIS,O,X,O,X,O,X,X
ZTOLJSI,O,O,O,X,O,X,X
ZTOLSIJ,O,O,X,X,O,X,X
ZTOLSJI,O,O,O,X,O,X,X
ZTOJILS,O,X,O,X,O,X,X
ZTOJISL,O,O,O,X,O,X,X
ZTOJLIS,O,X,O,X,O,X,X
ZTOJLSI,O,O,O,X,O,X,X
ZTOJSIL,O,O,O,X,O,X,X
ZTOJSLI,O,O,O,X,O,X,X
ZTOSILJ,O,O,X,X,O,X,X
ZTOSIJL,X,O,X,X,O,X,X
ZTOSLIJ,O,O,X,X,O,X,X
ZTOSLJI,O,O,O,X,O,X,X
ZTOSJIL,O,O,O,X,O,X,X
ZTOSJLI,O,O,O,X,O,X,X
ZITLJSO,O,O,O,O,X,X,X
ZITLJOS,O,X,O,O,O,X,X
ZITLSJO,O,O,O,O,X,X,X
ZITLSOJ,O,O,O,O,X,X,X
ZITLOJS,X,O,O,X,O,X,X
ZITLOSJ,X,O,O,X,O,X,X
ZITJLSO,O,O,O,O,X,X,X
ZITJLOS,O,X,O,O,O,X,X
ZITJSLO,O,O,O,X,X,X,X
ZITJSOL,O,O,O,X,X,X,X
ZITJOLS,O,O,O,O,O,X,X
ZITJOSL,O,O,O,X,O,X,X
ZITSLJO,O,O,O,X,X,X,X
ZITSLOJ,O,O,O,X,X,X,X
ZITSJLO,O,O,O,X,X,X,X
ZITSJOL,O,O,O,X,X,X,X
ZITSOLJ,O,O,O,X,X,X,X
ZITSOJL,O,O,O,X,X,X,X
ZITOLJS,O,O,O,X,O,X,X
ZITOLSJ,O,O,O,X,O,X,X
ZITOJLS,O,O,O,X,O,X,X
ZITOJSL,O,O,O,X,O,X,X
ZITOSLJ,O,O,O,X,O,X,X
ZITOSJL,O,O,O,X,O,X,X
ZILTJSO,O,O,O,O,X,X,X
ZILTJOS,O,X,O,O,X,X,X
ZILTSJO,O,O,O,O,X,X,X
ZILTSOJ,O,O,O,O,X,X,X
ZILTOJS,X,O,O,X,X,X,X
ZILTOSJ,X,O,O,X,X,X,X
ZILJTSO,O,O,O,O,X,X,X
ZILJTOS,O,X,O,O,X,X,X
ZILJSTO,O,O,O,O,X,X,X
ZILJSOT,O,O,O,O,X,X,X
ZILJOTS,O,X,O,O,X,X,X
ZILJOST,O,X,O,O,X,X,X
ZILSTJO,O,O,O,O,X,X,X
ZILSTOJ,O,O,O,O,X,X,O
ZILSJTO,O,O,O,O,X,X,X
ZILSJOT,O,O,O,O,X,X,O
ZILSOTJ,O,O,X,O,X,X,O
ZILSOJT,O,O,X,O,X,X,O
ZILOTJS,O,O,X,X,X,X,X
ZILOTSJ,O,O,X,X,X,X,X
ZILOJTS,O,O,X,O,X,X,X
ZILOJST,O,O,X,O,X,X,X
ZILOSTJ,O,O,X,O,X,X,X
ZILOSJT,O,O,X,O,X,X,X
ZIJTLSO,O,O,O,O,X,X,X
ZIJTLOS,O,X,O,O,O,X,X
ZIJTSLO,O,O,O,X,X,X,X
ZIJTSOL,O,O,O,X,X,X,X
ZIJTOLS,O,O,O,O,O,X,X
ZIJTOSL,O,O,O,X,O,X,X
ZIJLTSO,O,O,O,O,X,X,X
ZIJLTOS,O,X,O,O,X,X,X
ZIJLSTO,O,O,O,O,X,X,X
ZIJLSOT,O,O,O,O,X,X,X
ZIJLOTS,O,X,O,O,X,X,X
ZIJLOST,O,X,O,O,X,X,X
ZIJSTLO,O,O,O,X,X,X,X
ZIJSTOL,O,O,O,X,X,X,X
ZIJSLTO,O,O,O,O,X,X,X
ZIJSLOT,O,O,O,O,X,X,X
ZIJSOTL,O,O,O,X,X,X,X
ZIJSOLT,O,O,O,O,X,X,X
ZIJOTLS,O,O,O,O,O,X,X
ZIJOTSL,O,O,O,X,O,X,X
ZIJOLTS,O,O,O,O,O,X,X
ZIJOLST,O,O,O,O,X,X,X
ZIJOSTL,O,O,O,X,O,X,X
ZIJOSLT,O,O,O,O,X,X,X
ZISTLJO,O,O,O,X,X,X,X
ZISTLOJ,O,O,O,X,X,X,X
ZISTJLO,O,O,O,X,X,X,X
ZISTJOL,O,O,O,X,X,X,X
ZISTOLJ,O,O,O,X,X,X,X
ZISTOJL,O,O,O,X,X,X,X
ZISLTJO,O,O,O,O,X,X,X
ZISLTOJ,O,O,O,O,X,X,O
ZISLJTO,O,O,O,O,X,X,X
ZISLJOT,O,O,O,O,X,X,O
ZISLOTJ,O,O,X,O,X,X,O
ZISLOJT,O,O,X,O,X,X,O
ZISJTLO,O,O,O,X,X,X,X
ZISJTOL,O,O,O,X,X,X,X
ZISJLTO,O,O,O,O,X,X,X
ZISJLOT,O,O,O,O,X,X,X
ZISJOTL,O,O,O,X,X,X,X
ZISJOLT,O,O,O,O,X,X,X
ZISOTLJ,O,O,O,X,X,X,X
ZISOTJL,O,O,O,X,X,X,X
ZISOLTJ,O,O,X,X,X,X,X
ZISOLJT,O,O,X,X,X,X,X
ZISOJTL,O,O,O,X,X,X,X
ZISOJLT,O,O,O,X,X,X,X
ZIOTLJS,O,O,O,X,O,X,X
ZIOTLSJ,O,O,O,X,O,X,X
ZIOTJLS,O,O,O,X,O,X,X
ZIOTJSL,O,O,O,X,O,X,X
ZIOTSLJ,O,O,O,X,O,X,X
ZIOTSJL,O,O,O,X,O,X,X
ZIOLTJS,O,O,X,X,O,X,X
ZIOLTSJ,O,O,X,X,O,X,X
ZIOLJTS,O,O,X,O,O,X,X
ZIOLJST,O,O,X,O,X,X,X
ZIOLSTJ,O,O,X,O,X,X,X
ZIOLSJT,O,O,X,O,X,X,X
ZIOJTLS,O,O,O,O,O,X,X
ZIOJTSL,O,O,O,X,O,X,X
ZIOJLTS,O,O,O,O,O,X,X
ZIOJLST,O,O,O,O,X,X,X
ZIOJSTL,O,O,O,X,O,X,X
ZIOJSLT,O,O,O,O,X,X,X
ZIOSTLJ,O,O,O,X,O,X,X
ZIOSTJL,O,O,O,X,O,X,X
ZIOSLTJ,O,O,X,X,X,X,X
ZIOSLJT,O,O,X,X,X,X,X
ZIOSJTL,O,O,O,X,O,X,X
ZIOSJLT,O,O,O,X,X,X,X
ZLTIJSO,O,X,O,O,X,X,X
ZLTIJOS,O,X,O,O,O,X,X
ZLTISJO,O,X,O,O,X,X,X
ZLTISOJ,O,X,X,O,X,X,X
ZLTIOJS,X,X,X,X,O,X,X
ZLTIOSJ,X,X,X,X,O,X,X
ZLTJISO,O,X,O,O,X,X,X
ZLTJIOS,X,X,O,O,O,X,X
ZLTJSIO,O,O,O,O,X,X,X
ZLTJSOI,O,O,O,O,O,X,X
ZLTJOIS,X,X,O,O,O,X,X
ZLTJOSI,O,X,O,O,O,X,X
ZLTSIJO,O,O,O,O,X,X,X
ZLTSIOJ,O,O,X,X,X,X,X
ZLTSJIO,O,O,O,O,X,X,X
ZLTSJOI,O,O,O,O,O,X,X
ZLTSOIJ,O,O,X,X,O,X,X
ZLTSOJI,O,O,O,O,O,X,X
ZLTOIJS,X,X,X,X,O,X,X
ZLTOISJ,X,X,X,X,O,X,X
ZLTOJIS,X,X,O,X,O,X,X
ZLTOJSI,X,O,O,X,O,X,X
ZLTOSIJ,X,O,X,X,O,X,X
ZLTOSJI,X,O,O,X,O,X,X
ZLITJSO,O,O,O,O,X,X,X
ZLITJOS,O,X,O,O,X,X,X
ZLITSJO,O,O,O,O,X,X,X
ZLITSOJ,O,O,O,O,X,X,X
ZLITOJS,X,O,O,X,X,X,X
ZLITOSJ,X,O,O,X,X,X,X
ZLIJTSO,O,O,O,O,X,X,X
ZLIJTOS,O,X,O,O,X,X,X
ZLIJSTO,O,O,O,O,X,X,X
ZLIJSOT,O,O,O,O,X,X,X
ZLIJOTS,O,X,O,O,X,X,X
ZLIJOST,O,X,O,O,X,X,X
ZLISTJO,O,O,O,O,X,X,X
ZLISTOJ,O,O,O,O,X,X,O
ZLISJTO,O,O,O,O,X,X,X
ZLISJOT,O,O,O,O,X,X,O
ZLISOTJ,O,O,X,O,X,X,O
ZLISOJT,O,O,X,O,X,X,O
ZLIOTJS,O,O,X,X,X,X,X
ZLIOTSJ,O,O,X,X,X,X,X
ZLIOJTS,O,O,X,O,X,X,X
ZLIOJST,O,O,X,O,X,X,X
ZLIOSTJ,O,O,X,O,X,X,X
ZLIOSJT,O,O,X,O,X,X,X
ZLJTISO,O,X,O,O,X,X,X
ZLJTIOS,X,X,O,O,O,X,X
ZLJTSIO,O,O,O,O,X,X,X
ZLJTSOI,O,O,O,O,O,X,X
ZLJTOIS,O,X,O,O,O,X,X
ZLJTOSI,O,X,O,O,O,X,X
ZLJITSO,O,O,O,O,X,X,X
ZLJITOS,O,X,O,O,X,X,X
ZLJISTO,O,O,O,O,X,X,X
ZLJISOT,O,O,O,O,X,X,X
ZLJIOTS,O,X,O,O,X,X,X
ZLJIOST,O,X,O,O,X,X,X
ZLJSTIO,O,O,O,O,X,X,X
ZLJSTOI,O,O,O,O,X,X,X
ZLJSITO,O,O,X,O,X,X,X
ZLJSIOT,X,O,X,O,X,X,X
ZLJSOTI,O,O,O,O,X,X,X
ZLJSOIT,O,O,X,O,X,X,X
ZLJOTIS,O,X,O,O,O,X,X
ZLJOTSI,O,X,O,O,O,X,X
ZLJOITS,O,X,O,O,O,X,X
ZLJOIST,O,X,O,O,X,X,X
ZLJOSTI,O,X,O,O,X,X,X
ZLJOSIT,O,X,X,O,X,X,X
ZLSTIJO,O,O,O,O,X,X,X
ZLSTIOJ,O,O,X,X,X,X,X
ZLSTJIO,O,O,O,O,X,X,X
ZLSTJOI,O,O,O,O,X,X,X
ZLSTOIJ,O,O,X,X,X,X,X
ZLSTOJI,O,O,O,O,X,X,X
ZLSITJO,O,O,X,O,X,X,X
ZLSITOJ,O,O,X,O,X,X,O
ZLSIJTO,O,O,X,O,X,X,X
ZLSIJOT,O,O,X,O,X,X,O
ZLSIOTJ,O,O,X,O,X,X,O
ZLSIOJT,O,O,X,O,X,X,O
ZLSJTIO,O,O,O,O,X,X,X
ZLSJTOI,O,O,O,O,X,X,X
ZLSJITO,O,O,X,O,X,X,X
ZLSJIOT,X,O,X,O,X,X,X
ZLSJOTI,O,O,O,O,X,X,X
ZLSJOIT,O,O,X,O,X,X,X
ZLSOTIJ,O,O,X,X,X,X,X
ZLSOTJI,O,O,X,O,X,X,X
ZLSOITJ,O,O,X,X,X,X,X
ZLSOIJT,O,O,X,X,X,X,X
ZLSOJTI,O,O,X,O,X,X,X
ZLSOJIT,O,O,X,O,X,X,X
ZLOTIJS,O,X,X,X,O,X,X
ZLOTISJ,O,X,X,X,O,X,X
ZLOTJIS,O,X,X,X,O,X,X
ZLOTJSI,O,O,X,X,O,X,X
ZLOTSIJ,O,O,X,X,O,X,X
ZLOTSJI,O,O,X,X,O,X,X
ZLOITJS,O,X,X,X,O,X,X
ZLOITSJ,O,X,X,X,O,X,X
ZLOIJTS,O,X,X,O,O,X,X
ZLOIJST,O,X,X,O,X,X,X
ZLOISTJ,O,X,X,O,X,X,X
ZLOISJT,O,X,X,O,X,X,X
ZLOJTIS,O,X,X,O,O,X,X
ZLOJTSI,O,O,X,O,O,X,X
ZLOJITS,O,X,X,O,O,X,X
ZLOJIST,O,X,X,O,X,X,X
ZLOJSTI,O,O,X,O,X,X,X
ZLOJSIT,O,O,X,O,X,X,X
ZLOSTIJ,O,O,X,X,X,X,X
ZLOSTJI,O,O,X,O,X,X,X
ZLOSITJ,O,O,X,X,X,X,X
ZLOSIJT,O,O,X,X,X,X,X
ZLOSJTI,O,O,X,O,X,X,X
ZLOSJIT,O,O,X,O,X,X,X
ZJTILSO,O,O,O,O,X,X,X
ZJTILOS,X,X,O,O,O,X,X
ZJTISLO,O,O,O,X,X,X,X
ZJTISOL,O,O,O,X,X,X,X
ZJTIOLS,O,X,O,O,O,X,X
ZJTIOSL,O,O,O,X,O,X,X
ZJTLISO,O,X,O,O,X,X,X
ZJTLIOS,X,X,O,O,O,X,X
ZJTLSIO,O,O,O,O,X,X,X
ZJTLSOI,O,O,O,O,O,X,X
ZJTLOIS,O,X,O,O,O,X,X
ZJTLOSI,O,X,O,O,O,X,X
ZJTSILO,O,O,O,X,X,X,X
ZJTSIOL,O,O,O,X,X,X,X
ZJTSLIO,O,O,O,X,X,O,X
ZJTSLOI,O,O,O,X,O,O,X
ZJTSOIL,O,O,O,X,O,X,X
ZJTSOLI,O,O,O,X,O,X,X
ZJTOILS,O,X,O,O,O,X,X
ZJTOISL,O,O,O,X,O,X,X
ZJTOLIS,O,X,O,O,O,X,X
ZJTOLSI,O,O,O,O,O,X,X
ZJTOSIL,O,O,O,X,O,X,X
ZJTOSLI,O,O,O,X,O,X,X
ZJITLSO,O,O,O,O,X,X,X
ZJITLOS,O,X,O,O,O,X,X
ZJITSLO,O,O,O,X,X,X,X
ZJITSOL,O,O,O,X,X,X,X
ZJITOLS,O,O,O,O,O,X,X
ZJITOSL,O,O,O,X,O,X,X
ZJILTSO,O,O,O,O,X,X,X
ZJILTOS,O,X,O,O,X,X,X
ZJILSTO,O,O,O,O,X,X,X
ZJILSOT,O,O,O,O,X,X,X
ZJILOTS,O,X,O,O,X,X,X
ZJILOST,O,X,O,O,X,X,X
ZJISTLO,O,O,O,X,X,X,X
ZJISTOL,O,O,O,X,X,X,X
ZJISLTO,O,O,O,O,X,X,X
ZJISLOT,O,O,O,O,X,X,X
ZJISOTL,O,O,O,X,X,X,X
ZJISOLT,O,O,O,O,X,X,X
ZJIOTLS,O,O,O,O,O,X,X
ZJIOTSL,O,O,O,X,O,X,X
ZJIOLTS,O,O,O,O,O,X,X
ZJIOLST,O,O,O,O,X,X,X
ZJIOSTL,O,O,O,X,O,X,X
ZJIOSLT,O,O,O,O,X,X,X
ZJLTISO,O,X,O,O,X,X,X
ZJLTIOS,X,X,O,O,O,X,X
ZJLTSIO,O,O,O,O,X,X,X
ZJLTSOI,O,O,O,O,O,X,X
ZJLTOIS,O,X,O,O,O,X,X
ZJLTOSI,O,X,O,O,O,X,X
ZJLITSO,O,O,O,O,X,X,X
ZJLITOS,O,X,O,O,X,X,X
ZJLISTO,O,O,O,O,X,X,X
ZJLISOT,O,O,O,O,X,X,X
ZJLIOTS,O,X,O,O,X,X,X
ZJLIOST,O,X,O,O,X,X,X
ZJLSTIO,O,O,O,O,X,X,X
ZJLSTOI,O,O,O,O,X,X,X
ZJLSITO,O,O,X,O,X,X,X
ZJLSIOT,X,O,X,O,X,X,X
ZJLSOTI,O,O,O,O,X,X,X
ZJLSOIT,O,O,X,O,X,X,X
ZJLOTIS,O,X,O,O,O,X,X
ZJLOTSI,O,X,O,O,O,X,X
ZJLOITS,O,X,O,O,O,X,X
ZJLOIST,O,X,O,O,X,X,X
ZJLOSTI,O,X,O,O,X,X,X
ZJLOSIT,O,X,X,O,X,X,X
ZJSTILO,O,O,O,X,X,X,X
ZJSTIOL,O,O,O,X,X,X,X
ZJSTLIO,O,O,O,X,X,O,X
ZJSTLOI,O,O,O,X,O,O,X
ZJSTOIL,O,O,O,X,O,X,X
ZJSTOLI,O,O,O,X,O,X,X
ZJSITLO,O,O,O,X,X,X,X
ZJSITOL,O,O,O,X,X,X,X
ZJSILTO,O,O,O,O,X,X,X
ZJSILOT,X,O,O,O,X,X,X
ZJSIOTL,O,O,O,X,X,X,X
ZJSIOLT,O,O,O,O,X,X,X
ZJSLTIO,O,O,O,O,X,O,X
ZJSLTOI,O,O,O,O,X,O,X
ZJSLITO,O,O,X,O,X,X,X
ZJSLIOT,X,O,X,O,X,X,X
ZJSLOTI,O,O,O,O,X,X,X
ZJSLOIT,O,O,X,O,X,X,X
ZJSOTIL,O,O,O,X,O,X,X
ZJSOTLI,O,O,O,X,O,X,X
ZJSOITL,O,O,O,X,O,X,X
ZJSOILT,O,O,O,O,X,X,X
ZJSOLTI,O,O,O,O,X,X,X
ZJSOLIT,O,O,X,O,X,X,X
ZJOTILS,O,X,O,O,O,X,X
ZJOTISL,O,O,O,X,O,X,X
ZJOTLIS,O,X,O,O,O,X,X
ZJOTLSI,O,O,O,O,O,X,X
ZJOTSIL,O,O,O,X,O,X,X
ZJOTSLI,O,O,O,X,O,X,X
ZJOITLS,O,X,O,O,O,X,X
ZJOITSL,O,O,O,X,O,X,X
ZJOILTS,O,X,O,O,O,X,X
ZJOILST,O,X,O,O,X,X,X
ZJOISTL,O,O,O,X,O,X,X
ZJOISLT,O,O,O,O,X,X,X
ZJOLTIS,O,X,O,O,O,X,X
ZJOLTSI,O,O,O,O,O,X,X
ZJOLITS,O,X,O,O,O,X,X
ZJOLIST,O,X,O,O,X,X,X
ZJOLSTI,O,O,O,O,X,X,X
ZJOLSIT,O,O,X,O,X,X,X
ZJOSTIL,O,O,O,X,O,X,X
ZJOSTLI,O,O,O,X,O,X,X
ZJOSITL,O,O,O,X,O,X,X
ZJOSILT,O,O,O,O,X,X,X
ZJOSLTI,O,O,O,O,X,X,X
ZJOSLIT,O,O,X,O,X,X,X
ZSTILJO,O,O,O,X,X,X,X
ZSTILOJ,O,O,X,X,X,X,X
ZSTIJLO,X,O,O,X,X,X,X
ZSTIJOL,X,O,O,X,X,X,X
ZSTIOLJ,O,O,X,X,X,X,X
ZSTIOJL,X,O,X,X,X,X,X
ZSTLIJO,O,O,O,X,X,X,X
ZSTLIOJ,O,O,X,X,X,X,X
ZSTLJIO,O,O,O,X,X,O,X
ZSTLJOI,O,O,O,X,O,O,X
ZSTLOIJ,O,O,X,X,O,X,X
ZSTLOJI,O,O,O,X,O,X,X
ZSTJILO,O,O,O,X,X,X,X
ZSTJIOL,O,O,O,X,X,X,X
ZSTJLIO,O,O,O,X,X,O,X
ZSTJLOI,O,O,O,X,O,O,X
ZSTJOIL,O,O,O,X,O,X,X
ZSTJOLI,O,O,O,X,O,X,X
ZSTOILJ,O,O,X,X,O,X,X
ZSTOIJL,X,O,X,X,O,X,X
ZSTOLIJ,O,O,X,X,O,X,X
ZSTOLJI,O,O,O,X,O,X,X
ZSTOJIL,O,O,O,X,O,X,X
ZSTOJLI,O,O,O,X,O,X,X
ZSITLJO,O,O,O,X,X,X,X
ZSITLOJ,O,O,O,X,X,X,X
ZSITJLO,O,O,O,X,X,X,X
ZSITJOL,O,O,O,X,X,X,X
ZSITOLJ,O,O,O,X,X,X,X
ZSITOJL,O,O,O,X,X,X,X
ZSILTJO,O,O,O,O,X,X,X
ZSILTOJ,O,O,O,O,X,X,O
ZSILJTO,O,O,O,O,X,X,X
ZSILJOT,O,O,O,O,X,X,O
ZSILOTJ,O,O,X,O,X,X,O
ZSILOJT,O,O,X,O,X,X,O
ZSIJTLO,O,O,O,X,X,X,X
ZSIJTOL,O,O,O,X,X,X,X
ZSIJLTO,O,O,O,O,X,X,X
ZSIJLOT,O,O,O,O,X,X,X
ZSIJOTL,O,O,O,X,X,X,X
ZSIJOLT,O,O,O,O,X,X,X
ZSIOTLJ,O,O,O,X,X,X,X
ZSIOTJL,O,O,O,X,X,X,X
ZSIOLTJ,O,O,X,X,X,X,X
ZSIOLJT,O,O,X,X,X,X,X
ZSIOJTL,O,O,O,X,X,X,X
ZSIOJLT,O,O,O,X,X,X,X
ZSLTIJO,O,O,O,O,X,X,X
ZSLTIOJ,O,O,X,X,X,X,X
ZSLTJIO,O,O,O,O,X,O,X
ZSLTJOI,O,O,O,O,X,O,X
ZSLTOIJ,O,O,X,X,X,X,X
ZSLTOJI,O,O,O,O,X,X,X
ZSLITJO,O,O,X,O,X,X,X
ZSLITOJ,O,O,X,O,X,X,O
ZSLIJTO,O,O,X,O,X,X,X
ZSLIJOT,O,O,X,O,X,X,O
ZSLIOTJ,O,O,X,O,X,X,O
ZSLIOJT,O,O,X,O,X,X,O
ZSLJTIO,O,O,O,O,X,O,X
ZSLJTOI,O,O,O,O,X,O,X
ZSLJITO,O,O,X,O,X,X,X
ZSLJIOT,X,O,X,O,X,X,X
ZSLJOTI,O,O,O,O,X,X,X
ZSLJOIT,O,O,X,O,X,X,X
ZSLOTIJ,O,O,X,X,X,X,X
ZSLOTJI,O,O,X,O,X,X,X
ZSLOITJ,O,O,X,X,X,X,X
ZSLOIJT,O,O,X,X,X,X,X
ZSLOJTI,O,O,X,O,X,X,X
ZSLOJIT,O,O,X,O,X,X,X
ZSJTILO,O,O,O,X,X,X,X
ZSJTIOL,O,O,O,X,X,X,X
ZSJTLIO,O,O,O,X,X,O,X
ZSJTLOI,O,O,O,X,O,O,X
ZSJTOIL,O,O,O,X,O,X,X
ZSJTOLI,O,O,O,X,O,X,X
ZSJITLO,O,O,O,X,X,X,X
ZSJITOL,O,O,O,X,X,X,X
ZSJILTO,O,O,O,O,X,X,X
ZSJILOT,X,O,O,O,X,X,X
ZSJIOTL,O,O,O,X,X,X,X
ZSJIOLT,O,O,O,O,X,X,X
ZSJLTIO,O,O,O,O,X,O,X
ZSJLTOI,O,O,O,O,X,O,X
ZSJLITO,O,O,X,O,X,X,X
ZSJLIOT,X,O,X,O,X,X,X
ZSJLOTI,O,O,O,O,X,X,X
ZSJLOIT,O,O,X,O,X,X,X
ZSJOTIL,O,O,O,X,O,X,X
ZSJOTLI,O,O,O,X,O,X,X
ZSJOITL,O,O,O,X,O,X,X
ZSJOILT,O,O,O,O,X,X,X
ZSJOLTI,O,O,O,O,X,X,X
ZSJOLIT,O,O,X,O,X,X,X
ZSOTILJ,O,O,X,X,O,X,X
ZSOTIJL,X,O,X,X,O,X,X
ZSOTLIJ,O,O,X,X,O,X,X
ZSOTLJI,O,O,O,X,O,X,X
ZSOTJIL,O,O,O,X,O,X,X
ZSOTJLI,O,O,O,X,O,X,X
ZSOITLJ,O,O,X,X,O,X,X
ZSOITJL,O,O,X,X,O,X,X
ZSOILTJ,O,O,X,X,X,X,X
ZSOILJT,O,O,X,X,X,X,X
ZSOIJTL,O,O,X,X,O,X,X
ZSOIJLT,O,O,X,X,X,X,X
ZSOLTIJ,O,O,X,X,X,X,X
ZSOLTJI,O,O,X,X,X,X,X
ZSOLITJ,O,O,X,X,X,X,X
ZSOLIJT,O,O,X,X,X,X,X
ZSOLJTI,O,O,X,X,X,X,X
ZSOLJIT,O,O,X,X,X,X,X
ZSOJTIL,O,O,O,X,O,X,X
ZSOJTLI,O,O,O,X,O,X,X
ZSOJITL,O,O,O,X,O,X,X
ZSOJILT,O,O,X,X,X,X,X
ZSOJLTI,O,O,O,X,X,X,X
ZSOJLIT,O,O,X,X,X,X,X
ZOTILJS,O,X,X,X,O,X,X
ZOTILSJ,O,X,X,X,O,X,X
ZOTIJLS,O,X,X,X,O,X,X
ZOTIJSL,O,O,X,X,O,X,X
ZOTISLJ,O,O,X,X,O,X,X
ZOTISJL,O,O,X,X,O,X,X
ZOTLIJS,O,X,X,X,O,X,X
ZOTLISJ,O,X,X,X,O,X,X
ZOTLJIS,O,X,O,X,O,X,X
ZOTLJSI,O,O,O,X,O,X,X
ZOTLSIJ,O,O,X,X,O,X,X
ZOTLSJI,O,O,O,X,O,X,X
ZOTJILS,O,X,O,X,O,X,X
ZOTJISL,O,O,O,X,O,X,X
ZOTJLIS,O,X,O,X,O,X,X
ZOTJLSI,O,O,O,X,O,X,X
ZOTJSIL,O,O,O,X,O,X,X
ZOTJSLI,O,O,O,X,O,X,X
ZOTSILJ,O,O,X,X,O,X,X
ZOTSIJL,X,O,X,X,O,X,X
ZOTSLIJ,O,O,X,X,O,X,X
ZOTSLJI,O,O,O,X,O,X,X
ZOTSJIL,O,O,O,X,O,X,X
ZOTSJLI,O,O,O,X,O,X,X
ZOITLJS,O,O,O,X,O,X,X
ZOITLSJ,O,O,O,X,O,X,X
ZOITJLS,O,O,O,X,O,X,X
ZOITJSL,O,O,O,X,O,X,X
ZOITSLJ,O,O,O,X,O,X,X
ZOITSJL,O,O,O,X,O,X,X
ZOILTJS,O,O,X,X,O,X,X
ZOILTSJ,O,O,X,X,O,X,X
ZOILJTS,O,O,X,O,O,X,X
ZOILJST,O,O,X,O,X,X,X
ZOILSTJ,O,O,X,O,X,X,X
ZOILSJT,O,O,X,O,X,X,X
ZOIJTLS,O,O,O,O,O,X,X
ZOIJTSL,O,O,O,X,O,X,X
ZOIJLTS,O,O,O,O,O,X,X
ZOIJLST,O,O,O,O,X,X,X
ZOIJSTL,O,O,O,X,O,X,X
ZOIJSLT,O,O,O,O,X,X,X
ZOISTLJ,O,O,O,X,O,X,X
ZOISTJL,O,O,O,X,O,X,X
ZOISLTJ,O,O,X,X,X,X,X
ZOISLJT,O,O,X,X,X,X,X
ZOISJTL,O,O,O,X,O,X,X
ZOISJLT,O,O,O,X,X,X,X
ZOLTIJS,O,X,X,X,O,X,X
ZOLTISJ,O,X,X,X,O,X,X
ZOLTJIS,O,X,X,X,O,X,X
ZOLTJSI,O,O,X,X,O,X,X
ZOLTSIJ,O,O,X,X,O,X,X
ZOLTSJI,O,O,X,X,O,X,X
ZOLITJS,O,X,X,X,O,X,X
ZOLITSJ,O,X,X,X,O,X,X
ZOLIJTS,O,X,X,O,O,X,X
ZOLIJST,O,X,X,O,X,X,X
ZOLISTJ,O,X,X,O,X,X,X
ZOLISJT,O,X,X,O,X,X,X
ZOLJTIS,O,X,X,O,O,X,X
ZOLJTSI,O,O,X,O,O,X,X
ZOLJITS,O,X,X,O,O,X,X
ZOLJIST,O,X,X,O,X,X,X
ZOLJSTI,O,O,X,O,X,X,X
ZOLJSIT,O,O,X,O,X,X,X
ZOLSTIJ,O,O,X,X,X,X,X
ZOLSTJI,O,O,X,O,X,X,X
ZOLSITJ,O,O,X,X,X,X,X
ZOLSIJT,O,O,X,X,X,X,X
ZOLSJTI,O,O,X,O,X,X,X
ZOLSJIT,O,O,X,O,X,X,X
ZOJTILS,O,X,O,O,O,X,X
ZOJTISL,O,O,O,X,O,X,X
ZOJTLIS,O,X,O,O,O,X,X
ZOJTLSI,O,O,O,O,O,X,X
ZOJTSIL,O,O,O,X,O,X,X
ZOJTSLI,O,O,O,X,O,X,X
ZOJITLS,O,X,O,O,O,X,X
ZOJITSL,O,O,O,X,O,X,X
ZOJILTS,O,X,O,O,O,X,X
ZOJILST,O,X,O,O,X,X,X
ZOJISTL,O,O,O,X,O,X,X
ZOJISLT,O,O,O,O,X,X,X
ZOJLTIS,O,X,O,O,O,X,X
ZOJLTSI,O,O,O,O,O,X,X
ZOJLITS,O,X,O,O,O,X,X
ZOJLIST,O,X,O,O,X,X,X
ZOJLSTI,O,O,O,O,X,X,X
ZOJLSIT,O,O,X,O,X,X,X
ZOJSTIL,O,O,O,X,O,X,X
ZOJSTLI,O,O,O,X,O,X,X
ZOJSITL,O,O,O,X,O,X,X
ZOJSILT,O,O,O,O,X,X,X
ZOJSLTI,O,O,O,O,X,X,X
ZOJSLIT,O,O,X,O,X,X,X
ZOSTILJ,O,O,X,X,O,X,X
ZOSTIJL,X,O,X,X,O,X,X
ZOSTLIJ,O,O,X,X,O,X,X
ZOSTLJI,O,O,O,X,O,X,X
ZOSTJIL,O,O,O,X,O,X,X
ZOSTJLI,O,O,O,X,O,X,X
ZOSITLJ,O,O,X,X,O,X,X
ZOSITJL,O,O,X,X,O,X,X
ZOSILTJ,O,O,X,X,X,X,X
ZOSILJT,O,O,X,X,X,X,X
ZOSIJTL,O,O,X,X,O,X,X
ZOSIJLT,O,O,X,X,X,X,X
ZOSLTIJ,O,O,X,X,X,X,X
ZOSLTJI,O,O,X,X,X,X,X
ZOSLITJ,O,O,X,X,X,X,X
ZOSLIJT,O,O,X,X,X,X,X
ZOSLJTI,O,O,X,X,X,X,X
ZOSLJIT,O,O,X,X,X,X,X
ZOSJTIL,O,O,O,X,O,X,X
ZOSJTLI,O,O,O,X,O,X,X
ZOSJITL,O,O,O,X,O,X,X
ZOSJILT,O,O,X,X,X,X,X
ZOSJLTI,O,O,O,X,X,X,X
ZOSJLIT,O,O,X,X,X,X,X
OTILJSZ,O,X,X,X,X,X,X
OTILJZS,O,X,X,X,X,X,X
OTILSJZ,X,X,X,X,X,X,X
OTILSZJ,X,X,X,X,X,X,X
OTILZJS,O,X,X,X,X,X,X
OTILZSJ,O,X,X,X,X,X,X
OTIJLSZ,O,X,X,X,X,X,X
OTIJLZS,O,X,X,X,X,X,X
OTIJSLZ,O,X,X,X,X,X,X
OTIJSZL,O,X,X,X,X,X,X
OTIJZLS,O,X,X,X,O,X,X
OTIJZSL,O,X,X,X,O,X,X
OTISLJZ,X,X,X,X,X,X,X
OTISLZJ,X,X,X,X,X,X,X
OTISJLZ,X,X,X,X,X,X,X
OTISJZL,X,X,X,X,X,X,X
OTISZLJ,X,X,X,X,X,X,X
OTISZJL,X,X,X,X,X,X,X
OTIZLJS,O,X,X,X,O,X,X
OTIZLSJ,O,X,X,X,O,X,X
OTIZJLS,O,X,X,X,O,X,X
OTIZJSL,O,X,X,X,O,X,X
OTIZSLJ,O,X,X,X,O,X,X
OTIZSJL,O,X,X,X,O,X,X
OTLIJSZ,O,X,X,X,X,X,X
OTLIJZS,O,X,X,X,X,X,X
OTLISJZ,X,X,X,X,X,X,X
OTLISZJ,X,X,X,X,X,X,X
OTLIZJS,O,X,X,X,X,X,X
OTLIZSJ,O,X,X,X,X,X,X
OTLJISZ,X,X,X,X,X,X,X
OTLJIZS,O,X,O,X,X,X,X
OTLJSIZ,X,X,X,X,X,X,X
OTLJSZI,O,X,O,X,X,X,X
OTLJZIS,O,X,O,X,X,X,X
OTLJZSI,O,X,O,X,X,X,X
OTLSIJZ,X,X,X,X,X,X,X
OTLSIZJ,X,X,X,X,X,X,X
OTLSJIZ,X,X,X,X,X,X,X
OTLSJZI,X,X,X,X,X,X,X
OTLSZIJ,X,X,X,X,X,X,X
OTLSZJI,X,X,X,X,X,X,X
OTLZIJS,O,X,X,X,X,X,X
OTLZISJ,O,X,X,X,X,X,X
OTLZJIS,O,X,O,X,X,X,X
OTLZJSI,O,X,O,X,X,X,X
OTLZSIJ,O,X,X,X,X,X,X
OTLZSJI,O,X,O,X,X,X,X
OTJILSZ,X,X,X,X,X,X,X
OTJILZS,O,X,O,X,X,X,X
OTJISLZ,X,X,X,X,X,X,X
OTJISZL,X,X,X,X,X,X,X
OTJIZLS,O,X,O,X,O,X,X
OTJIZSL,O,X,O,X,O,X,X
OTJLISZ,X,X,X,X,X,X,X
OTJLIZS,O,X,O,X,X,X,X
OTJLSIZ,X,X,X,X,X,X,X
OTJLSZI,O,X,O,X,X,X,X
OTJLZIS,O,X,O,X,X,X,X
OTJLZSI,O,X,O,X,X,X,X
OTJSILZ,X,X,X,X,X,X,X
OTJSIZL,X,X,X,X,X,X,X
OTJSLIZ,X,X,X,X,X,X,X
OTJSLZI,O,O,O,X,X,O,X
OTJSZIL,O,O,O,X,X,X,X
OTJSZLI,O,O,O,X,X,X,X
OTJZILS,O,X,O,X,O,X,X
OTJZISL,O,O,O,X,O,X,X
OTJZLIS,O,X,O,X,O,X,X
OTJZLSI,O,O,O,X,O,X,X
OTJZSIL,O,O,O,X,O,X,X
OTJZSLI,O,O,O,X,O,X,X
OTSILJZ,X,X,X,X,X,X,X
OTSILZJ,X,X,X,X,X,X,X
OTSIJLZ,X,X,X,X,X,X,X
OTSIJZL,X,X,X,X,X,X,X
OTSIZLJ,X,X,X,X,X,X,X
OTSIZJL,X,X,X,X,X,X,X
OTSLIJZ,X,X,X,X,X,X,X
OTSLIZJ,X,X,X,X,X,X,X
OTSLJIZ,X,X,X,X,X,X,X
OTSLJZI,X,O,X,X,X,O,X
OTSLZIJ,X,O,X,X,X,X,X
OTSLZJI,X,O,X,X,X,X,X
OTSJILZ,X,X,X,X,X,X,X
OTSJIZL,X,X,X,X,X,X,X
OTSJLIZ,X,X,X,X,X,X,X
OTSJLZI,X,O,X,X,X,O,X
OTSJZIL,X,O,X,X,X,X,X
OTSJZLI,X,O,X,X,X,X,X
OTSZILJ,X,O,X,X,X,X,X
OTSZIJL,X,O,X,X,X,X,X
OTSZLIJ,X,O,X,X,X,X,X
OTSZLJI,X,O,X,X,X,X,X
OTSZJIL,X,O,X,X,X,X,X
OTSZJLI,X,O,X,X,X,X,X
OTZILJS,O,X,X,X,O,X,X
OTZILSJ,O,X,X,X,O,X,X
OTZIJLS,O,X,X,X,O,X,X
OTZIJSL,O,O,X,X,O,X,X
OTZISLJ,O,O,X,X,O,X,X
OTZISJL,O,O,X,X,O,X,X
OTZLIJS,O,X,X,X,O,X,X
OTZLISJ,O,X,X,X,O,X,X
OTZLJIS,O,X,O,X,O,X,X
OTZLJSI,O,O,O,X,O,X,X
OTZLSIJ,O,O,X,X,O,X,X
OTZLSJI,O,O,O,X,O,X,X
OTZJILS,O,X,O,X,O,X,X
OTZJISL,O,O,O,X,O,X,X
OTZJLIS,O,X,O,X,O,X,X
OTZJLSI,O,O,O,X,O,X,X
OTZJSIL,O,O,O,X,O,X,X
OTZJSLI,O,O,O,X,O,X,X
OTZSILJ,O,O,X,X,O,X,X
OTZSIJL,X,O,X,X,O,X,X
OTZSLIJ,O,O,X,X,O,X,X
OTZSLJI,O,O,O,X,O,X,X
OTZSJIL,O,O,O,X,O,X,X
OTZSJLI,O,O,O,X,O,X,X
OITLJSZ,O,X,O,X,X,X,X
OITLJZS,O,X,O,X,X,X,X
OITLSJZ,X,X,X,X,X,X,X
OITLSZJ,X,X,X,X,X,X,X
OITLZJS,O,X,O,X,X,X,X
OITLZSJ,O,X,O,X,X,X,X
OITJLSZ,O,X,O,X,X,X,X
OITJLZS,O,X,O,X,X,X,X
OITJSLZ,O,O,O,X,X,X,X
OITJSZL,O,O,O,X,X,X,X
OITJZLS,O,O,O,X,O,X,X
OITJZSL,O,O,O,X,O,X,X
OITSLJZ,X,O,X,X,X,X,X
OITSLZJ,X,O,X,X,X,X,X
OITSJLZ,X,O,X,X,X,X,X
OITSJZL,X,O,X,X,X,X,X
OITSZLJ,X,O,X,X,X,X,X
OITSZJL,X,O,X,X,X,X,X
OITZLJS,O,O,O,X,O,X,X
OITZLSJ,O,O,O,X,O,X,X
OITZJLS,O,O,O,X,O,X,X
OITZJSL,O,O,O,X,O,X,X
OITZSLJ,O,O,O,X,O,X,X
OITZSJL,O,O,O,X,O,X,X
OILTJSZ,O,X,X,X,X,X,X
OILTJZS,O,X,X,X,X,X,X
OILTSJZ,X,X,X,X,X,X,X
OILTSZJ,X,X,X,X,X,X,X
OILTZJS,O,X,X,X,X,X,X
OILTZSJ,O,X,X,X,X,X,X
OILJTSZ,O,X,X,O,X,X,X
OILJTZS,O,X,X,O,X,X,X
OILJSTZ,O,O,X,O,X,X,X
OILJSZT,O,O,X,O,X,X,X
OILJZTS,O,O,X,O,O,X,X
OILJZST,O,O,X,O,X,X,X
OILSTJZ,X,O,X,X,X,X,X
OILSTZJ,X,O,X,X,X,X,O
OILSJTZ,O,O,X,O,X,X,X
OILSJZT,O,O,X,O,X,X,O
OILSZTJ,O,O,X,O,X,X,O
OILSZJT,O,O,X,O,X,X,O
OILZTJS,O,O,X,X,O,X,X
OILZTSJ,O,O,X,X,O,X,X
OILZJTS,O,O,X,O,O,X,X
OILZJST,O,O,X,O,X,X,X
OILZSTJ,O,O,X,O,X,X,X
OILZSJT,O,O,X,O,X,X,X
OIJTLSZ,O,X,O,O,X,X,X
OIJTLZS,O,X,O,O,X,X,X
OIJTSLZ,O,O,O,X,X,X,X
OIJTSZL,O,O,O,X,X,X,X
OIJTZLS,O,O,O,O,O,X,X
OIJTZSL,O,O,O,X,O,X,X
OIJLTSZ,O,X,O,O,X,X,X
OIJLTZS,O,X,O,O,X,X,X
OIJLSTZ,O,O,X,O,X,X,X
OIJLSZT,O,O,X,O,X,X,X
OIJLZTS,O,O,O,O,O,X,X
OIJLZST,O,O,O,O,X,X,X
OIJSTLZ,O,O,O,X,X,X,X
OIJSTZL,O,O,O,X,X,X,X
OIJSLTZ,O,O,X,O,X,X,X
OIJSLZT,O,O,X,O,X,X,X
OIJSZTL,O,O,O,X,O,X,X
OIJSZLT,O,O,O,O,X,X,X
OIJZTLS,O,O,O,O,O,X,X
OIJZTSL,O,O,O,X,O,X,X
OIJZLTS,O,O,O,O,O,X,X
OIJZLST,O,O,O,O,X,X,X
OIJZSTL,O,O,O,X,O,X,X
OIJZSLT,O,O,O,O,X,X,X
OISTLJZ,X,O,X,X,X,X,X
OISTLZJ,X,O,X,X,X,X,X
OISTJLZ,X,O,X,X,X,X,X
OISTJZL,X,O,X,X,X,X,X
OISTZLJ,X,O,X,X,X,X,X
OISTZJL,X,O,X,X,X,X,X
OISLTJZ,X,O,X,X,X,X,X
OISLTZJ,X,O,X,X,X,X,O
OISLJTZ,O,O,X,X,X,X,X
OISLJZT,O,O,X,X,X,X,O
OISLZTJ,O,O,X,X,X,X,O
OISLZJT,O,O,X,X,X,X,O
OISJTLZ,O,O,X,X,X,X,X
OISJTZL,O,O,X,X,X,X,X
OISJLTZ,O,O,X,X,X,X,X
OISJLZT,O,O,X,X,X,X,X
OISJZTL,O,O,X,X,O,X,X
OISJZLT,O,O,X,X,X,X,X
OISZTLJ,O,O,X,X,O,X,X
OISZTJL,O,O,X,X,O,X,X
OISZLTJ,O,O,X,X,X,X,X
OISZLJT,O,O,X,X,X,X,X
OISZJTL,O,O,X,X,O,X,X
OISZJLT,O,O,X,X,X,X,X
OIZTLJS,O,O,O,X,O,X,X
OIZTLSJ,O,O,O,X,O,X,X
OIZTJLS,O,O,O,X,O,X,X
OIZTJSL,O,O,O,X,O,X,X
OIZTSLJ,O,O,O,X,O,X,X
OIZTSJL,O,O,O,X,O,X,X
OIZLTJS,O,O,X,X,O,X,X
OIZLTSJ,O,O,X,X,O,X,X
OIZLJTS,O,O,X,O,O,X,X
OIZLJST,O,O,X,O,X,X,X
OIZLSTJ,O,O,X,O,X,X,X
OIZLSJT,O,O,X,O,X,X,X
OIZJTLS,O,O,O,O,O,X,X
OIZJTSL,O,O,O,X,O,X,X
OIZJLTS,O,O,O,O,O,X,X
OIZJLST,O,O,O,O,X,X,X
OIZJSTL,O,O,O,X,O,X,X
OIZJSLT,O,O,O,O,X,X,X
OIZSTLJ,O,O,O,X,O,X,X
OIZSTJL,O,O,O,X,O,X,X
OIZSLTJ,O,O,X,X,X,X,X
OIZSLJT,O,O,X,X,X,X,X
OIZSJTL,O,O,O,X,O,X,X
OIZSJLT,O,O,O,X,X,X,X
OLTIJSZ,O,X,X,X,X,X,X
OLTIJZS,O,X,X,X,X,X,X
OLTISJZ,X,X,X,X,X,X,X
OLTISZJ,X,X,X,X,X,X,X
OLTIZJS,O,X,X,X,X,X,X
OLTIZSJ,O,X,X,X,X,X,X
OLTJISZ,X,X,X,X,X,X,X
OLTJIZS,O,X,X,X,X,X,X
OLTJSIZ,X,X,X,X,X,X,X
OLTJSZI,O,X,X,X,X,X,X
OLTJZIS,O,X,X,X,X,X,X
OLTJZSI,O,X,X,X,X,X,X
OLTSIJZ,X,X,X,X,X,X,X
OLTSIZJ,X,X,X,X,X,X,X
OLTSJIZ,X,X,X,X,X,X,X
OLTSJZI,X,X,X,X,X,X,X
OLTSZIJ,X,X,X,X,X,X,X
OLTSZJI,X,X,X,X,X,X,X
OLTZIJS,O,X,X,X,X,X,X
OLTZISJ,O,X,X,X,X,X,X
OLTZJIS,O,X,X,X,X,X,X
OLTZJSI,O,X,X,X,X,X,X
OLTZSIJ,O,X,X,X,X,X,X
OLTZSJI,O,X,X,X,X,X,X
OLITJSZ,O,X,X,X,X,X,X
OLITJZS,O,X,X,X,X,X,X
OLITSJZ,X,X,X,X,X,X,X
OLITSZJ,X,X,X,X,X,X,X
OLITZJS,O,X,X,X,X,X,X
OLITZSJ,O,X,X,X,X,X,X
OLIJTSZ,O,X,X,O,X,X,X
OLIJTZS,O,X,X,O,X,X,X
OLIJSTZ,O,X,X,O,X,X,X
OLIJSZT,O,X,X,O,X,X,X
OLIJZTS,O,X,X,O,O,X,X
OLIJZST,O,X,X,O,X,X,X
OLISTJZ,X,X,X,X,X,X,X
OLISTZJ,X,X,X,X,X,X,O
OLISJTZ,O,X,X,O,X,X,X
OLISJZT,O,X,X,O,X,X,O
OLISZTJ,O,X,X,O,X,X,O
OLISZJT,O,X,X,O,X,X,O
OLIZTJS,O,X,X,X,O,X,X
OLIZTSJ,O,X,X,X,O,X,X
OLIZJTS,O,X,X,O,O,X,X
OLIZJST,O,X,X,O,X,X,X
OLIZSTJ,O,X,X,O,X,X,X
OLIZSJT,O,X,X,O,X,X,X
OLJTISZ,X,X,X,O,X,X,X
OLJTIZS,O,X,X,O,X,X,X
OLJTSIZ,X,X,X,X,X,X,X
OLJTSZI,O,X,X,O,X,X,X
OLJTZIS,O,X,X,O,X,X,X
OLJTZSI,O,X,X,O,X,X,X
OLJITSZ,O,X,X,O,X,X,X
OLJITZS,O,X,X,O,X,X,X
OLJISTZ,O,X,X,O,X,X,X
OLJISZT,O,X,X,O,X,X,X
OLJIZTS,O,X,X,O,O,X,X
OLJIZST,O,X,X,O,X,X,X
OLJSTIZ,X,X,X,X,X,X,X
OLJSTZI,O,O,X,O,X,X,X
OLJSITZ,X,X,X,O,X,X,X
OLJSIZT,X,O,X,O,X,X,X
OLJSZTI,O,O,X,O,X,X,X
OLJSZIT,O,O,X,O,X,X,X
OLJZTIS,O,X,X,O,O,X,X
OLJZTSI,O,O,X,O,O,X,X
OLJZITS,O,X,X,O,O,X,X
OLJZIST,O,X,X,O,X,X,X
OLJZSTI,O,O,X,O,X,X,X
OLJZSIT,O,O,X,O,X,X,X
OLSTIJZ,X,X,X,X,X,X,X
OLSTIZJ,X,X,X,X,X,X,X
OLSTJIZ,X,X,X,X,X,X,X
OLSTJZI,X,O,X,X,X,X,X
OLSTZIJ,X,O,X,X,X,X,X
OLSTZJI,X,O,X,X,X,X,X
OLSITJZ,X,X,X,X,X,X,X
OLSITZJ,X,X,X,X,X,X,O
OLSIJTZ,O,X,X,X,X,X,X
OLSIJZT,O,O,X,X,X,X,O
OLSIZTJ,O,O,X,X,X,X,O
OLSIZJT,O,O,X,X,X,X,O
OLSJTIZ,X,X,X,X,X,X,X
OLSJTZI,O,O,X,O,X,X,X
OLSJITZ,X,X,X,X,X,X,X
OLSJIZT,X,O,X,O,X,X,X
OLSJZTI,O,O,X,O,X,X,X
OLSJZIT,O,O,X,O,X,X,X
OLSZTIJ,O,O,X,X,X,X,X
OLSZTJI,O,O,X,O,X,X,X
OLSZITJ,O,O,X,X,X,X,X
OLSZIJT,O,O,X,X,X,X,X
OLSZJTI,O,O,X,O,X,X,X
OLSZJIT,O,O,X,O,X,X,X
OLZTIJS,O,X,X,X,O,X,X
OLZTISJ,O,X,X,X,O,X,X
OLZTJIS,O,X,X,X,O,X,X
OLZTJSI,O,O,X,X,O,X,X
OLZTSIJ,O,O,X,X,O,X,X
OLZTSJI,O,O,X,X,O,X,X
OLZITJS,O,X,X,X,O,X,X
OLZITSJ,O,X,X,X,O,X,X
OLZIJTS,O,X,X,O,O,X,X
OLZIJST,O,X,X,O,X,X,X
OLZISTJ,O,X,X,O,X,X,X
OLZISJT,O,X,X,O,X,X,X
OLZJTIS,O,X,X,O,O,X,X
OLZJTSI,O,O,X,O,O,X,X
OLZJITS,O,X,X,O,O,X,X
OLZJIST,O,X,X,O,X,X,X
OLZJSTI,O,O,X,O,X,X,X
OLZJSIT,O,O,X,O,X,X,X
OLZSTIJ,O,O,X,X,X,X,X
OLZSTJI,O,O,X,O,X,X,X
OLZSITJ,O,O,X,X,X,X,X
OLZSIJT,O,O,X,X,X,X,X
OLZSJTI,O,O,X,O,X,X,X
OLZSJIT,O,O,X,O,X,X,X
OJTILSZ,X,X,O,O,X,X,X
OJTILZS,O,X,O,O,X,X,X
OJTISLZ,X,X,O,X,X,X,X
OJTISZL,X,X,O,X,X,X,X
OJTIZLS,O,X,O,O,O,X,X
OJTIZSL,O,X,O,X,O,X,X
OJTLISZ,X,X,X,O,X,X,X
OJTLIZS,O,X,O,O,X,X,X
OJTLSIZ,X,X,X,X,X,X,X
OJTLSZI,O,X,O,O,X,X,X
OJTLZIS,O,X,O,O,X,X,X
OJTLZSI,O,X,O,O,X,X,X
OJTSILZ,X,X,X,X,X,X,X
OJTSIZL,X,X,X,X,X,X,X
OJTSLIZ,X,X,X,X,X,X,X
OJTSLZI,O,O,O,X,X,O,X
OJTSZIL,O,O,O,X,X,X,X
OJTSZLI,O,O,O,X,X,X,X
OJTZILS,O,X,O,O,O,X,X
OJTZISL,O,O,O,X,O,X,X
OJTZLIS,O,X,O,O,O,X,X
OJTZLSI,O,O,O,O,O,X,X
OJTZSIL,O,O,O,X,O,X,X
OJTZSLI,O,O,O,X,O,X,X
OJITLSZ,O,X,O,O,X,X,X
OJITLZS,O,X,O,O,X,X,X
OJITSLZ,O,X,O,X,X,X,X
OJITSZL,O,X,O,X,X,X,X
OJITZLS,O,X,O,O,O,X,X
OJITZSL,O,X,O,X,O,X,X
OJILTSZ,O,X,O,O,X,X,X
OJILTZS,O,X,O,O,X,X,X
OJILSTZ,O,X,X,O,X,X,X
OJILSZT,O,X,X,O,X,X,X
OJILZTS,O,X,O,O,O,X,X
OJILZST,O,X,O,O,X,X,X
OJISTLZ,O,X,O,X,X,X,X
OJISTZL,O,X,O,X,X,X,X
OJISLTZ,O,X,X,O,X,X,X
OJISLZT,O,O,X,O,X,X,X
OJISZTL,O,O,O,X,O,X,X
OJISZLT,O,O,O,O,X,X,X
OJIZTLS,O,X,O,O,O,X,X
OJIZTSL,O,O,O,X,O,X,X
OJIZLTS,O,X,O,O,O,X,X
OJIZLST,O,X,O,O,X,X,X
OJIZSTL,O,O,O,X,O,X,X
OJIZSLT,O,O,O,O,X,X,X
OJLTISZ,X,X,X,O,X,X,X
OJLTIZS,O,X,O,O,X,X,X
OJLTSIZ,X,X,X,X,X,X,X
OJLTSZI,O,X,O,O,X,X,X
OJLTZIS,O,X,O,O,X,X,X
OJLTZSI,O,X,O,O,X,X,X
OJLITSZ,O,X,O,O,X,X,X
OJLITZS,O,X,O,O,X,X,X
OJLISTZ,O,X,X,O,X,X,X
OJLISZT,O,X,X,O,X,X,X
OJLIZTS,O,X,O,O,O,X,X
OJLIZST,O,X,O,O,X,X,X
OJLSTIZ,X,X,X,X,X,X,X
OJLSTZI,O,O,X,O,X,X,X
OJLSITZ,X,X,X,O,X,X,X
OJLSIZT,X,O,X,O,X,X,X
OJLSZTI,O,O,X,O,X,X,X
OJLSZIT,O,O,X,O,X,X,X
OJLZTIS,O,X,O,O,O,X,X
OJLZTSI,O,O,O,O,O,X,X
OJLZITS,O,X,O,O,O,X,X
OJLZIST,O,X,O,O,X,X,X
OJLZSTI,O,O,O,O,X,X,X
OJLZSIT,O,O,X,O,X,X,X
OJSTILZ,X,X,X,X,X,X,X
OJSTIZL,X,X,X,X,X,X,X
OJSTLIZ,X,X,X,X,X,X,X
OJSTLZI,O,O,O,X,X,O,X
OJSTZIL,O,O,O,X,X,X,X
OJSTZLI,O,O,O,X,X,X,X
OJSITLZ,X,X,O,X,X,X,X
OJSITZL,X,X,O,X,X,X,X
OJSILTZ,X,X,X,O,X,X,X
OJSILZT,X,O,X,O,X,X,X
OJSIZTL,X,O,O,X,O,X,X
OJSIZLT,X,O,O,O,X,X,X
OJSLTIZ,X,X,X,X,X,X,X
OJSLTZI,O,O,X,O,X,O,X
OJSLITZ,X,X,X,O,X,X,X
OJSLIZT,X,O,X,O,X,X,X
OJSLZTI,O,O,X,O,X,X,X
OJSLZIT,O,O,X,O,X,X,X
OJSZTIL,O,O,O,X,O,X,X
OJSZTLI,O,O,O,X,O,X,X
OJSZITL,O,O,O,X,O,X,X
OJSZILT,O,O,O,O,X,X,X
OJSZLTI,O,O,O,O,X,X,X
OJSZLIT,O,O,X,O,X,X,X
OJZTILS,O,X,O,O,O,X,X
OJZTISL,O,O,O,X,O,X,X
OJZTLIS,O,X,O,O,O,X,X
OJZTLSI,O,O,O,O,O,X,X
OJZTSIL,O,O,O,X,O,X,X
OJZTSLI,O,O,O,X,O,X,X
OJZITLS,O,X,O,O,O,X,X
OJZITSL,O,O,O,X,O,X,X
OJZILTS,O,X,O,O,O,X,X
OJZILST,O,X,O,O,X,X,X
OJZISTL,O,O,O,X,O,X,X
OJZISLT,O,O,O,O,X,X,X
OJZLTIS,O,X,O,O,O,X,X
OJZLTSI,O,O,O,O,O,X,X
OJZLITS,O,X,O,O,O,X,X
OJZLIST,O,X,O,O,X,X,X
OJZLSTI,O,O,O,O,X,X,X
OJZLSIT,O,O,X,O,X,X,X
OJZSTIL,O,O,O,X,O,X,X
OJZSTLI,O,O,O,X,O,X,X
OJZSITL,O,O,O,X,O,X,X
OJZSILT,O,O,O,O,X,X,X
OJZSLTI,O,O,O,O,X,X,X
OJZSLIT,O,O,X,O,X,X,X
OSTILJZ,X,X,X,X,X,X,X
OSTILZJ,X,X,X,X,X,X,X
OSTIJLZ,X,X,X,X,X,X,X
OSTIJZL,X,X,X,X,X,X,X
OSTIZLJ,X,X,X,X,X,X,X
OSTIZJL,X,X,X,X,X,X,X
OSTLIJZ,X,X,X,X,X,X,X
OSTLIZJ,X,X,X,X,X,X,X
OSTLJIZ,X,X,X,X,X,X,X
OSTLJZI,X,O,X,X,X,O,X
OSTLZIJ,X,O,X,X,X,X,X
OSTLZJI,X,O,X,X,X,X,X
OSTJILZ,X,X,X,X,X,X,X
OSTJIZL,X,X,X,X,X,X,X
OSTJLIZ,X,X,X,X,X,X,X
OSTJLZI,X,O,X,X,X,O,X
OSTJZIL,X,O,X,X,X,X,X
OSTJZLI,X,O,X,X,X,X,X
OSTZILJ,X,O,X,X,X,X,X
OSTZIJL,X,O,X,X,X,X,X
OSTZLIJ,X,O,X,X,X,X,X
OSTZLJI,X,O,X,X,X,X,X
OSTZJIL,X,O,X,X,X,X,X
OSTZJLI,X,O,X,X,X,X,X
OSITLJZ,X,O,X,X,X,X,X
OSITLZJ,X,O,X,X,X,X,X
OSITJLZ,X,O,X,X,X,X,X
OSITJZL,X,O,X,X,X,X,X
OSITZLJ,X,O,X,X,X,X,X
OSITZJL,X,O,X,X,X,X,X
OSILTJZ,X,O,X,X,X,X,X
OSILTZJ,X,O,X,X,X,X,O
OSILJTZ,O,O,X,X,X,X,X
OSILJZT,O,O,X,X,X,X,O
OSILZTJ,O,O,X,X,X,X,O
OSILZJT,O,O,X,X,X,X,O
OSIJTLZ,O,O,X,X,X,X,X
OSIJTZL,O,O,X,X,X,X,X
OSIJLTZ,O,O,X,X,X,X,X
OSIJLZT,O,O,X,X,X,X,X
OSIJZTL,O,O,X,X,O,X,X
OSIJZLT,O,O,X,X,X,X,X
OSIZTLJ,O,O,X,X,O,X,X
OSIZTJL,O,O,X,X,O,X,X
OSIZLTJ,O,O,X,X,X,X,X
OSIZLJT,O,O,X,X,X,X,X
OSIZJTL,O,O,X,X,O,X,X
OSIZJLT,O,O,X,X,X,X,X
OSLTIJZ,X,X,X,X,X,X,X
OSLTIZJ,X,X,X,X,X,X,X
OSLTJIZ,X,X,X,X,X,X,X
OSLTJZI,X,O,X,X,X,O,X
OSLTZIJ,X,O,X,X,X,X,X
OSLTZJI,X,O,X,X,X,X,X
OSLITJZ,X,O,X,X,X,X,X
OSLITZJ,X,O,X,X,X,X,O
OSLIJTZ,O,O,X,X,X,X,X
OSLIJZT,O,O,X,X,X,X,O
OSLIZTJ,O,O,X,X,X,X,O
OSLIZJT,O,O,X,X,X,X,O
OSLJTIZ,X,X,X,X,X,X,X
OSLJTZI,O,O,X,X,X,O,X
OSLJITZ,X,X,X,X,X,X,X
OSLJIZT,X,O,X,X,X,X,X
OSLJZTI,O,O,X,X,X,X,X
OSLJZIT,O,O,X,X,X,X,X
OSLZTIJ,O,O,X,X,X,X,X
OSLZTJI,O,O,X,X,X,X,X
OSLZITJ,O,O,X,X,X,X,X
OSLZIJT,O,O,X,X,X,X,X
OSLZJTI,O,O,X,X,X,X,X
OSLZJIT,O,O,X,X,X,X,X
OSJTILZ,X,X,X,X,X,X,X
OSJTIZL,X,X,X,X,X,X,X
OSJTLIZ,X,X,X,X,X,X,X
OSJTLZI,O,O,X,X,X,O,X
OSJTZIL,O,O,X,X,X,X,X
OSJTZLI,O,O,X,X,X,X,X
OSJITLZ,X,X,X,X,X,X,X
OSJITZL,X,X,X,X,X,X,X
OSJILTZ,X,X,X,X,X,X,X
OSJILZT,X,O,X,X,X,X,X
OSJIZTL,X,O,X,X,O,X,X
OSJIZLT,X,O,X,X,X,X,X
OSJLTIZ,X,X,X,X,X,X,X
OSJLTZI,O,O,X,X,X,O,X
OSJLITZ,X,X,X,X,X,X,X
OSJLIZT,X,O,X,X,X,X,X
OSJLZTI,O,O,X,X,X,X,X
OSJLZIT,O,O,X,X,X,X,X
OSJZTIL,O,O,X,X,O,X,X
OSJZTLI,O,O,X,X,O,X,X
OSJZITL,O,O,X,X,O,X,X
OSJZILT,O,O,X,X,X,X,X
OSJZLTI,O,O,X,X,X,X,X
OSJZLIT,O,O,X,X,X,X,X
OSZTILJ,O,O,X,X,O,X,X
OSZTIJL,X,O,X,X,O,X,X
OSZTLIJ,O,O,X,X,O,X,X
OSZTLJI,O,O,X,X,O,X,X
OSZTJIL,O,O,X,X,O,X,X
OSZTJLI,O,O,X,X,O,X,X
OSZITLJ,O,O,X,X,O,X,X
OSZITJL,O,O,X,X,O,X,X
OSZILTJ,O,O,X,X,X,X,X
OSZILJT,O,O,X,X,X,X,X
OSZIJTL,O,O,X,X,O,X,X
OSZIJLT,O,O,X,X,X,X,X
OSZLTIJ,O,O,X,X,X,X,X
OSZLTJI,O,O,X,X,X,X,X
OSZLITJ,O,O,X,X,X,X,X
OSZLIJT,O,O,X,X,X,X,X
OSZLJTI,O,O,X,X,X,X,X
OSZLJIT,O,O,X,X,X,X,X
OSZJTIL,O,O,X,X,O,X,X
OSZJTLI,O,O,X,X,O,X,X
OSZJITL,O,O,X,X,O,X,X
OSZJILT,O,O,X,X,X,X,X
OSZJLTI,O,O,X,X,X,X,X
OSZJLIT,O,O,X,X,X,X,X
OZTILJS,O,X,X,X,O,X,X
OZTILSJ,O,X,X,X,O,X,X
OZTIJLS,O,X,X,X,O,X,X
OZTIJSL,O,O,X,X,O,X,X
OZTISLJ,O,O,X,X,O,X,X
OZTISJL,O,O,X,X,O,X,X
OZTLIJS,O,X,X,X,O,X,X
OZTLISJ,O,X,X,X,O,X,X
OZTLJIS,O,X,O,X,O,X,X
OZTLJSI,O,O,O,X,O,X,X
OZTLSIJ,O,O,X,X,O,X,X
OZTLSJI,O,O,O,X,O,X,X
OZTJILS,O,X,O,X,O,X,X
OZTJISL,O,O,O,X,O,X,X
OZTJLIS,O,X,O,X,O,X,X
OZTJLSI,O,O,O,X,O,X,X
OZTJSIL,O,O,O,X,O,X,X
OZTJSLI,O,O,O,X,O,X,X
OZTSILJ,O,O,X,X,O,X,X
OZTSIJL,X,O,X,X,O,X,X
OZTSLIJ,O,O,X,X,O,X,X
OZTSLJI,O,O,O,X,O,X,X
OZTSJIL,O,O,O,X,O,X,X
OZTSJLI,O,O,O,X,O,X,X
OZITLJS,O,O,O,X,O,X,X
OZITLSJ,O,O,O,X,O,X,X
OZITJLS,O,O,O,X,O,X,X
OZITJSL,O,O,O,X,O,X,X
OZITSLJ,O,O,O,X,O,X,X
OZITSJL,O,O,O,X,O,X,X
OZILTJS,O,O,X,X,O,X,X
OZILTSJ,O,O,X,X,O,X,X
OZILJTS,O,O,X,O,O,X,X
OZILJST,O,O,X,O,X,X,X
OZILSTJ,O,O,X,O,X,X,X
OZILSJT,O,O,X,O,X,X,X
OZIJTLS,O,O,O,O,O,X,X
OZIJTSL,O,O,O,X,O,X,X
OZIJLTS,O,O,O,O,O,X,X
OZIJLST,O,O,O,O,X,X,X
OZIJSTL,O,O,O,X,O,X,X
OZIJSLT,O,O,O,O,X,X,X
OZISTLJ,O,O,O,X,O,X,X
OZISTJL,O,O,O,X,O,X,X
OZISLTJ,O,O,X,X,X,X,X
OZISLJT,O,O,X,X,X,X,X
OZISJTL,O,O,O,X,O,X,X
OZISJLT,O,O,O,X,X,X,X
OZLTIJS,O,X,X,X,O,X,X
OZLTISJ,O,X,X,X,O,X,X
OZLTJIS,O,X,X,X,O,X,X
OZLTJSI,O,O,X,X,O,X,X
OZLTSIJ,O,O,X,X,O,X,X
OZLTSJI,O,O,X,X,O,X,X
OZLITJS,O,X,X,X,O,X,X
OZLITSJ,O,X,X,X,O,X,X
OZLIJTS,O,X,X,O,O,X,X
OZLIJST,O,X,X,O,X,X,X
OZLISTJ,O,X,X,O,X,X,X
OZLISJT,O,X,X,O,X,X,X
OZLJTIS,O,X,X,O,O,X,X
OZLJTSI,O,O,X,O,O,X,X
OZLJITS,O,X,X,O,O,X,X
OZLJIST,O,X,X,O,X,X,X
OZLJSTI,O,O,X,O,X,X,X
OZLJSIT,O,O,X,O,X,X,X
OZLSTIJ,O,O,X,X,X,X,X
OZLSTJI,O,O,X,O,X,X,X
OZLSITJ,O,O,X,X,X,X,X
OZLSIJT,O,O,X,X,X,X,X
OZLSJTI,O,O,X,O,X,X,X
OZLSJIT,O,O,X,O,X,X,X
OZJTILS,O,X,O,O,O,X,X
OZJTISL,O,O,O,X,O,X,X
OZJTLIS,O,X,O,O,O,X,X
OZJTLSI,O,O,O,O,O,X,X
OZJTSIL,O,O,O,X,O,X,X
OZJTSLI,O,O,O,X,O,X,X
OZJITLS,O,X,O,O,O,X,X
OZJITSL,O,O,O,X,O,X,X
OZJILTS,O,X,O,O,O,X,X
OZJILST,O,X,O,O,X,X,X
OZJISTL,O,O,O,X,O,X,X
OZJISLT,O,O,O,O,X,X,X
OZJLTIS,O,X,O,O,O,X,X
OZJLTSI,O,O,O,O,O,X,X
OZJLITS,O,X,O,O,O,X,X
OZJLIST,O,X,O,O,X,X,X
OZJLSTI,O,O,O,O,X,X,X
OZJLSIT,O,O,X,O,X,X,X
OZJSTIL,O,O,O,X,O,X,X
OZJSTLI,O,O,O,X,O,X,X
OZJSITL,O,O,O,X,O,X,X
OZJSILT,O,O,O,O,X,X,X
OZJSLTI,O,O,O,O,X,X,X
OZJSLIT,O,O,X,O,X,X,X
OZSTILJ,O,O,X,X,O,X,X
OZSTIJL,X,O,X,X,O,X,X
OZSTLIJ,O,O,X,X,O,X,X
OZSTLJI,O,O,O,X,O,X,X
OZSTJIL,O,O,O,X,O,X,X
OZSTJLI,O,O,O,X,O,X,X
OZSITLJ,O,O,X,X,O,X,X
OZSITJL,O,O,X,X,O,X,X
OZSILTJ,O,O,X,X,X,X,X
OZSILJT,O,O,X,X,X,X,X
OZSIJTL,O,O,X,X,O,X,X
OZSIJLT,O,O,X,X,X,X,X
OZSLTIJ,O,O,X,X,X,X,X
OZSLTJI,O,O,X,X,X,X,X
OZSLITJ,O,O,X,X,X,X,X
OZSLIJT,O,O,X,X,X,X,X
OZSLJTI,O,O,X,X,X,X,X
OZSLJIT,O,O,X,X,X,X,X
OZSJTIL,O,O,O,X,O,X,X
OZSJTLI,O,O,O,X,O,X,X
OZSJITL,O,O,O,X,O,X,X
OZSJILT,O,O,X,X,X,X,X
OZSJLTI,O,O,O,X,X,X,X
OZSJLIT,O,O,X,X,X,X,X
